Epoch	AverageEpRet	StdEpRet	MaxEpRet	MinEpRet	EpLen	AverageVVals	StdVVals	MaxVVals	MinVVals	TotalEnvInteracts	LossPi	LossV	DeltaLossPi	DeltaLossV	KL	BacktrackIters	Time
0	18.048769	6.5861683	43.59462	7.325877	21.722826	0.45815226	0.37342218	2.4031386	-0.8373798	4000	3.361702e-08	115.44694	0.0	-77.2318	29113.672	9.0	10.621830224990845
1	19.082884	8.111473	57.384632	7.0772123	21.93956	7.8580947	1.5376962	10.198889	-0.36112982	8000	-1.3113022e-09	53.16297	1.1920931e-10	-22.701986	29113.672	9.0	18.4350643157959
2	19.12586	6.879053	50.202675	7.305591	21.765028	9.373686	4.242018	15.262552	-1.2907538	12000	2.9206275e-09	22.59536	2.1457673e-09	-3.996399	29113.672	9.0	27.298394680023193
3	19.394995	7.1865354	50.964878	6.7797832	21.95055	9.71681	5.197947	17.311228	-10.500845	16000	7.867813e-09	20.764753	0.0	-1.5363064	29113.672	9.0	35.998448848724365
4	18.053297	7.769124	54.716515	6.266322	21.621622	9.277408	5.72234	17.831045	-10.345629	20000	7.1525574e-10	23.288145	-9.536744e-10	-1.5694828	29113.672	9.0	43.51725792884827
5	18.28203	6.9137573	44.60145	6.289718	21.25	9.178744	5.3734994	18.255821	-7.7578025	24000	-2.18153e-08	17.3645	4.7683635e-10	-0.650507	29113.672	9.0	50.90213131904602
6	19.778767	7.7199645	48.615593	6.185769	21.89011	9.659982	5.246551	18.789753	-7.3548822	28000	1.7881394e-10	21.835247	9.536743e-10	-1.6328125	29113.672	9.0	58.36133408546448
7	19.97642	7.5783505	53.456764	7.661289	22.468927	10.315557	5.99868	19.872152	-8.018183	32000	-1.9073487e-09	20.081976	4.7683724e-10	-0.9281292	29113.672	9.0	66.84617614746094
8	19.107166	7.095051	52.21355	5.6271877	22.027624	9.731525	6.007674	19.990604	-7.709727	36000	-2.861023e-09	18.058916	2.3841862e-10	-0.7061043	29113.672	9.0	75.08252286911011
9	19.986168	9.811239	72.20252	6.887783	22.222221	9.870022	5.661597	20.327791	-6.915234	40000	-7.1525574e-10	38.248425	0.0	-3.15773	29113.672	9.0	83.88957977294922
10	20.026896	8.375158	59.20268	6.193927	22.29609	10.531418	6.139151	22.427166	-16.388533	44000	-1.1920929e-09	24.939095	9.536743e-10	-1.2246761	29113.672	9.0	94.11561560630798
11	18.889242	7.85246	54.245502	6.097276	21.594595	10.264462	6.276265	22.25475	-3.2341595	48000	1.7404556e-08	21.439688	9.536745e-10	-1.0178375	29113.672	9.0	103.45010995864868
12	18.681368	6.3167634	41.9263	7.00152	20.926702	9.755422	5.692047	22.273102	-3.6003842	52000	2.7656554e-08	13.070782	1.4305126e-09	-0.49657822	29113.672	9.0	112.92587852478027
13	20.39017	8.362536	51.25837	6.4395504	22.531073	9.6880045	5.468287	21.660542	-3.2551212	56000	-1.5377998e-08	23.57613	2.3841853e-09	-2.000719	29113.672	9.0	120.61262941360474
14	19.808308	8.2904	68.51749	5.9971085	22.39326	10.458401	6.428914	23.300362	-5.463478	60000	-1.001358e-08	23.288443	-4.7683724e-10	-1.1704159	29113.672	9.0	129.02598404884338
15	18.252106	7.38309	64.99167	6.485658	21.884615	9.553189	6.4049134	24.256071	-11.822457	64000	-9.536744e-10	18.642555	9.536744e-10	-1.6233044	29113.672	9.0	135.89998197555542
16	19.409586	8.582954	66.107864	6.4456854	21.508108	9.683015	5.749124	23.018167	-2.6690996	68000	-1.6570091e-08	26.538061	2.3841906e-10	-1.3392277	29113.672	9.0	145.02172017097473
17	19.445936	8.548919	60.923923	6.714764	21.84153	9.89458	6.1884837	26.182705	-6.543591	72000	-3.2782554e-10	24.180609	-2.3841856e-10	-0.98087883	29113.672	9.0	152.91310024261475
18	18.140106	6.4803634	51.926926	7.0201917	21.271276	9.687491	6.1464095	26.826485	-4.3841457	76000	1.8119811e-08	14.5614805	-9.536745e-10	-1.3800516	29113.672	9.0	161.30543637275696
19	18.943151	7.793874	49.671383	6.9647284	21.578379	9.279326	5.58146	24.651686	-2.3749256	80000	1.2516975e-08	20.676477	0.0	-1.0623455	29113.672	9.0	170.52865147590637
20	19.707165	7.913209	60.186157	6.4546614	21.917582	10.002904	5.8965635	26.724169	-3.4216912	84000	-1.4305114e-08	19.989235	-4.7683724e-10	-0.8654442	29113.672	9.0	180.53981113433838
21	19.385588	6.8637643	40.978058	8.177125	21.684782	10.126478	5.9305034	25.5988	-2.1139674	88000	4.887581e-09	16.418623	4.7683724e-10	-0.76793194	29113.672	9.0	190.1601595878601
22	19.384098	7.5918875	50.14579	6.5756907	22.329609	9.606993	5.9179373	24.696142	-3.0053384	92000	-1.502037e-08	18.805168	1.4305117e-09	-0.6460018	29113.672	9.0	199.2401909828186
23	20.458704	8.081962	56.380848	7.5136156	22.201117	10.440041	5.811743	23.71191	-2.8497868	96000	8.8214875e-09	20.947222	0.0	-0.9985275	29113.672	9.0	209.18350386619568
24	19.663876	6.941885	44.02928	7.300868	22.194445	10.462656	6.4054418	24.273735	-3.688521	100000	-7.390976e-09	16.428305	0.0	-1.4178457	29113.672	9.0	217.0656499862671
25	18.497272	6.853317	47.678074	6.5806656	21.616217	9.6373825	6.046652	25.928787	-1.7901812	104000	-1.26361845e-08	14.679298	2.6226044e-09	-0.6345911	29113.672	9.0	224.3428134918213
26	19.611935	7.883959	44.675014	5.8125243	21.884615	9.4840975	5.5985756	24.06706	-2.8172476	108000	1.0251999e-08	19.266912	0.0	-1.3473034	29113.672	9.0	232.48575258255005
27	19.099642	8.324136	57.721066	6.5350947	21.825136	9.801219	6.167882	25.5654	-9.201576	112000	-1.6450882e-08	21.194738	2.3841729e-10	-1.0654736	29113.672	9.0	241.00266361236572
28	18.12278	6.2998176	44.29231	6.221824	21.283422	9.662502	6.133899	24.429527	-6.684733	116000	8.5830685e-09	14.813779	0.0	-1.4989119	29113.672	9.0	249.92564177513123
29	18.270798	7.4861655	51.311222	6.192878	21.594595	9.027651	5.6071963	23.537308	-3.202662	120000	-1.3232231e-08	16.114717	0.0	-0.7488327	29113.672	9.0	258.30566120147705
30	20.880524	8.800044	62.487362	7.7293043	22.851429	9.889911	5.881625	25.861294	-2.7809958	124000	8.34465e-09	27.423576	-1.4305117e-09	-2.4246178	29113.672	9.0	269.4288454055786
31	19.028381	6.9263887	43.03955	6.719518	22.27933	10.413695	6.565456	26.132578	-4.663921	128000	-1.5974045e-08	16.37435	-7.152554e-10	-1.9481869	29113.672	9.0	279.5757520198822
32	19.127403	7.9425426	64.092354	6.9803	21.977901	9.467423	5.780958	24.475925	-3.0540843	132000	1.525879e-08	20.314684	0.0	-1.2538357	29113.672	9.0	288.9481818675995
33	19.104776	7.4896617	54.158527	5.6120257	22.340782	9.633785	6.2179356	27.248667	-3.713924	136000	-9.894371e-09	17.311735	-9.536745e-10	-1.0262737	29113.672	9.0	297.63403248786926
34	18.577826	8.676126	70.18408	6.714596	21.684782	9.483848	6.0372767	26.696833	-2.8795836	140000	2.2768974e-08	26.754404	0.0	-2.2955875	29113.672	9.0	305.6565902233124
35	18.406303	7.246058	79.82772	7.228658	21.535135	9.404949	6.158784	29.08293	-6.7895513	144000	-1.1920929e-09	19.261688	0.0	-2.3381615	29113.672	9.0	313.8574240207672
36	19.866497	8.894315	79.961555	6.567858	22.607954	9.582527	5.7590384	30.693604	-2.48296	148000	5.4836273e-09	32.429058	0.0	-2.8068352	29113.672	9.0	322.4930076599121
37	18.90566	6.801548	46.42946	6.142944	21.89011	10.153484	6.23058	28.117086	-3.3669646	152000	-1.8954276e-08	16.4487	1.4305108e-09	-1.6190462	29113.672	9.0	331.44770193099976
38	19.308407	7.9274173	51.17712	7.043146	22.122223	9.561298	5.88384	29.664097	-4.433355	156000	2.6226044e-09	19.414955	7.1525585e-10	-1.0385647	29113.672	9.0	338.76974725723267
39	19.584118	8.143713	56.107338	7.303758	21.945055	9.919154	5.9825706	26.809454	-2.1154351	160000	1.0251999e-08	22.597342	-9.536745e-10	-0.95926285	29113.672	9.0	344.22910594940186
40	18.854733	7.110587	41.265488	5.6173253	21.374332	10.076282	6.1988544	29.779709	-3.147167	164000	-1.0967255e-08	15.966459	4.7683724e-10	-1.3108072	29113.672	9.0	350.27761578559875
41	19.930548	9.221636	65.895256	6.9838376	22.525423	9.682745	5.9201818	27.190187	-5.295837	168000	-7.7486035e-09	28.23607	-1.907349e-09	-2.7675476	29113.672	9.0	355.2899613380432
42	20.490984	8.59832	73.130226	6.9294915	22.681818	10.336203	6.4564214	29.882526	-4.3514204	172000	4.2915342e-09	26.26706	0.0	-1.297657	29113.672	9.0	360.3238363265991
43	18.768467	6.8425145	39.713413	6.1144495	21.116402	10.5386	6.27427	28.384449	-2.8037808	176000	-9.059906e-09	16.287811	-9.536745e-10	-1.918498	29113.672	9.0	364.93456053733826
44	19.518818	6.438304	49.198677	7.3270493	21.906593	9.636715	5.560016	24.173437	-3.905934	180000	5.00679e-09	14.797054	4.7683724e-10	-0.7403536	29113.672	9.0	369.5614185333252
45	19.542196	8.989854	64.355576	6.828015	21.668478	10.056808	5.7887263	28.867594	-6.5622497	184000	1.6689301e-09	26.534004	-4.7683724e-10	-3.2107944	29113.672	9.0	374.1409692764282
46	19.178848	7.379607	45.623127	6.7220006	22.47191	9.751164	6.43234	32.039955	-5.2808957	188000	8.046627e-09	17.703745	4.7683724e-10	-1.3755951	29113.672	9.0	378.82682490348816
47	18.837923	7.9855847	64.45921	7.4443283	22.398876	9.419297	6.0029035	25.821476	-5.8765345	192000	-5.543232e-09	20.376095	4.7683724e-10	-1.1220989	29113.672	9.0	383.47964811325073
48	19.245876	8.679885	64.86244	7.547472	22.211111	9.723827	6.460491	33.35657	-5.8221555	196000	-3.0994416e-09	25.64017	-9.536745e-10	-0.96803665	29113.672	9.0	387.9739429950714
49	18.855341	7.974169	44.49757	6.734406	21.430107	10.009113	6.334645	29.855331	-1.8347248	200000	-1.1205673e-08	19.779984	7.152554e-10	-1.0610886	29113.672	9.0	392.4198772907257
