Epoch	AverageEpRet	StdEpRet	MaxEpRet	MinEpRet	EpLen	AverageVVals	StdVVals	MaxVVals	MinVVals	TotalEnvInteracts	LossPi	LossV	DeltaLossPi	DeltaLossV	KL	BacktrackIters	Time
0	6.6604366	6.257941	32.50856	-7.653577	27.284721	-0.2846413	1.0120348	2.1018972	-2.2628748	4000	1.4901161e-08	36.282333	-0.052133307	-14.190728	0.009369556	0.0	82.87067723274231
1	7.3644075	6.433714	30.533365	-5.987518	28.833334	2.9262226	1.645913	6.9451065	-2.1709175	8000	0.0	20.65292	-0.050868306	-3.392921	0.009421991	0.0	152.70750427246094
2	8.338473	6.053933	33.70191	-1.7684269	28.71852	3.3342807	2.1661856	8.428133	-3.0522914	12000	-1.8626451e-08	18.317299	-0.058368415	-2.5785758	0.009336276	0.0	222.31867384910583
3	10.55066	8.756207	51.121674	-10.058477	31.731707	4.0517097	2.5506454	9.680966	-4.823989	16000	1.1175871e-08	36.79158	-0.05123756	-9.916068	0.009257275	0.0	293.64667415618896
4	13.66837	10.896561	47.261227	-5.714142	35.0	5.584681	4.443265	14.667105	-13.214419	20000	-1.5832484e-08	48.536625	-0.050947074	-9.601829	0.009431208	0.0	363.9427032470703
5	12.888688	9.784805	49.037144	-2.6752865	34.88393	6.3952937	5.0218873	17.403584	-12.434494	24000	1.3038516e-08	40.889362	-0.0522513	-8.281514	0.009409577	0.0	434.86267280578613
6	14.410722	9.37468	40.752754	-6.0511937	36.11111	6.3819327	4.6812325	17.71534	-16.142801	28000	1.1175871e-08	31.438763	-0.04846863	-7.868917	0.009184285	0.0	505.85467624664307
7	19.244183	14.0308695	51.332268	-17.347004	41.31579	7.448465	5.319082	18.583447	-16.710772	32000	1.4901161e-08	74.76491	-0.054273926	-20.6884	0.0094275	0.0	576.0506682395935
8	21.261663	13.434766	59.454483	-2.9061322	42.0	10.322732	6.8901043	23.733522	-20.334179	36000	-1.8626451e-09	60.38134	-0.052336216	-14.22374	0.009430828	0.0	644.2946743965149
9	24.187841	14.296567	56.795147	-5.172888	44.67816	10.802035	6.521508	24.544817	-23.044937	40000	0.0	70.837364	-0.052553877	-17.327286	0.009366198	0.0	688.546671628952
10	28.621471	18.389683	117.87353	-2.0455234	46.488094	13.16885	7.2839093	26.938328	-17.464584	44000	3.7252903e-09	124.23113	-0.056670815	-29.591877	0.009260575	0.0	763.2666680812836
11	29.952623	20.80123	119.78215	-19.250153	50.358974	14.551402	9.297424	35.163265	-22.849937	48000	1.3038516e-08	132.78497	-0.055353515	-33.179775	0.00929136	0.0	834.5906748771667
12	33.72264	18.906565	104.504944	-1.9907874	53.319443	15.057574	10.169042	37.42552	-32.192024	52000	1.4901161e-08	125.2168	-0.054455206	-36.565853	0.009316135	0.0	906.0386800765991
13	41.432587	25.837553	149.4803	-10.094586	61.0625	16.236452	9.677818	42.359173	-26.025251	56000	1.4901161e-08	252.36575	-0.05816763	-88.18927	0.009108869	0.0	977.0317239761353
14	37.857307	25.330439	108.294876	-67.786705	60.276924	19.04485	12.992336	44.23432	-43.53168	60000	-9.313226e-09	216.14526	-0.05628875	-75.048706	0.009228966	0.0	1054.290672302246
15	48.917282	35.584797	141.15665	-7.1087236	67.070175	17.870312	13.856399	45.435787	-42.603302	64000	0.0	344.13522	-0.056468256	-123.85431	0.009278526	0.0	1138.2146623134613
16	52.527916	33.717793	185.95276	11.492315	69.25	24.550835	15.668604	58.885216	-46.80879	68000	1.8626451e-08	317.05084	-0.056174856	-109.02435	0.009292022	0.0	1221.5231184959412
17	53.17677	31.595062	136.42854	-7.387238	75.37255	21.067987	16.732157	59.502686	-46.551315	72000	1.4901161e-08	284.75674	-0.054946348	-88.774574	0.009166097	0.0	1301.5028011798859
18	57.447784	34.933685	151.30003	-6.757883	75.92157	23.86623	15.805968	58.984276	-35.711967	76000	3.7252903e-08	311.5328	-0.055569693	-89.49007	0.009072475	0.0	1371.9436132907867
19	64.043365	36.07449	151.5393	8.333625	77.408165	27.237532	16.398552	64.917786	-29.717058	80000	-7.450581e-09	280.12457	-0.05460933	-80.25334	0.009235763	0.0	1442.794667005539
20	76.489555	37.929028	154.99507	0.37420854	87.46512	29.048508	20.238068	65.57021	-42.675667	84000	-7.450581e-09	330.43765	-0.052625075	-90.385506	0.009224659	0.0	1519.3243525028229
21	73.367424	41.391975	174.7195	-0.30388966	97.0	27.607609	21.215784	71.3392	-40.078075	88000	2.2351742e-08	331.7431	-0.05403866	-97.95979	0.009114064	0.0	1589.898675918579
22	98.1191	50.8089	215.75635	-6.105251	100.15385	33.793877	20.32908	73.57953	-32.293983	92000	-3.1664968e-08	539.53796	-0.05612258	-206.17268	0.009061722	0.0	1660.1906683444977
23	88.13735	41.01678	173.69194	19.30921	101.25714	35.6643	25.943518	80.774185	-52.70916	96000	-1.8626451e-08	353.98102	-0.05708201	-145.58711	0.009136002	0.0	1729.9813556671143
24	90.82817	53.950813	311.24902	6.952921	99.48649	35.316322	23.612612	85.522766	-45.17676	100000	-1.1175871e-08	612.177	-0.059376907	-230.05597	0.009191607	0.0	1802.3866846561432
25	88.27637	48.33772	209.82523	13.125463	105.52778	34.81734	24.562311	87.34965	-42.080257	104000	2.2351742e-08	428.95703	-0.055348735	-188.16492	0.009103656	0.0	1871.8386678695679
26	104.359	47.352886	228.53185	15.715725	106.08572	37.163914	26.389858	93.9661	-42.610878	108000	1.1175871e-08	449.0336	-0.057968076	-191.7922	0.009053325	0.0	1942.526682138443
27	96.01861	45.72507	199.49155	5.1786785	109.48572	37.445576	27.779436	92.75695	-55.070763	112000	3.7252903e-09	401.1291	-0.05643731	-138.96613	0.009244701	0.0	2011.6595315933228
28	108.06982	63.42366	337.81494	-55.60189	110.47059	38.59149	27.764164	93.638695	-49.47443	116000	-3.7252903e-09	631.1271	-0.06164972	-280.8791	0.009203212	0.0	2081.498683452606
29	115.38826	52.997673	259.54446	3.7251587	107.02857	45.09796	31.134703	99.3069	-45.72299	120000	1.4901161e-08	437.7704	-0.056530654	-174.8576	0.009201067	0.0	2151.4351663589478
30	114.96915	68.76938	382.32428	-24.295723	114.757576	44.035088	26.405231	100.92091	-43.782608	124000	-4.4703484e-08	823.76917	-0.057113536	-412.3952	0.009119695	0.0	2226.358678340912
31	120.8216	42.352734	215.23853	40.78857	112.26471	47.143368	30.572586	106.39827	-67.66046	128000	-2.2351742e-08	376.58405	-0.055549294	-195.83698	0.009276261	0.0	2284.374675989151
32	138.27267	50.46117	269.9199	40.56545	119.125	47.044033	29.23573	102.966156	-45.22019	132000	4.284084e-08	525.5152	-0.056750678	-218.12923	0.0091796685	0.0	2354.702677965164
33	142.3019	39.453793	191.9581	19.699339	114.70588	57.195454	29.375826	107.307686	-34.11532	136000	-7.450581e-09	338.78003	-0.054177828	-160.04031	0.009185185	0.0	2424.398668050766
34	132.76927	49.211544	272.63684	29.27001	115.625	53.676617	27.23618	102.90321	-45.785824	140000	3.7252903e-09	409.9285	-0.05827951	-166.43869	0.009205706	0.0	2494.552379846573
35	138.94034	38.377182	205.48572	41.81521	117.28125	52.461876	29.662666	107.70316	-45.37136	144000	-2.2351742e-08	294.05875	-0.062411226	-128.7891	0.009190381	0.0	2564.000078678131
36	149.92831	53.733883	259.30478	-12.211734	120.0	54.295055	30.806913	110.23775	-53.62491	148000	3.7252903e-09	509.55145	-0.056692194	-233.40346	0.009205723	0.0	2635.17467713356
37	157.2187	45.63114	267.40332	50.447887	119.3871	63.709927	28.804337	116.18441	-30.077026	152000	1.8626451e-08	376.9867	-0.056304276	-180.22452	0.009099523	0.0	2707.151529312134
38	136.70065	77.43942	489.54974	31.50716	123.064514	53.685722	33.94022	115.01641	-61.31233	156000	-2.2351742e-08	1082.9265	-0.058901865	-497.06845	0.009078394	0.0	2787.670735836029
39	146.68729	47.34514	301.16058	20.01452	120.28125	54.7934	27.45247	115.17964	-23.235796	160000	-3.7252903e-09	413.1479	-0.057682507	-195.15303	0.009150433	0.0	2871.3026752471924
40	165.53835	74.0404	458.2113	29.662085	123.1	59.45781	30.571154	123.87713	-44.674984	164000	-7.450581e-09	950.19525	-0.057585366	-405.7425	0.0091615	0.0	2957.4586856365204
41	149.8497	45.2909	289.33224	48.790222	120.70968	62.406013	31.451982	131.74927	-28.685326	168000	-2.2351742e-08	686.5627	-0.06604668	-351.3856	0.0092052715	0.0	3029.0435807704926
42	141.52724	54.06372	339.3113	28.987204	125.55173	55.235485	30.674585	110.3325	-60.18023	172000	3.7252903e-09	640.69324	-0.059238832	-303.48578	0.009286495	0.0	3099.1346683502197
43	147.34898	34.59874	197.39177	8.947921	110.71875	58.04489	29.042894	111.58244	-37.129158	176000	-8.381903e-09	240.03764	-0.05517993	-121.991394	0.009186384	0.0	3170.025476694107
44	144.1584	47.21569	204.96756	-35.56625	118.5625	56.77845	33.771725	127.51973	-54.432842	180000	1.4901161e-08	422.35214	-0.05639851	-230.37846	0.009094522	0.0	3239.298676252365
45	166.78787	40.060955	309.12305	100.68747	121.83871	58.94111	28.355164	108.784134	-29.377787	184000	2.2351742e-08	482.48773	-0.058846556	-222.20087	0.009076192	0.0	3300.9026684761047
46	155.31178	46.195244	291.5341	18.022825	116.57576	66.87594	28.226055	115.8054	-9.061129	188000	1.8626451e-08	451.69562	-0.058984738	-214.34015	0.009116579	0.0	3362.1142864227295
47	173.48064	52.15051	411.36017	121.54523	124.3	63.570625	28.953585	120.45431	-9.758444	192000	-2.2351742e-08	517.8343	-0.06107896	-305.44986	0.009226071	0.0	3403.944364786148
48	156.51222	53.530487	273.2707	-19.832632	119.75	65.332214	30.29824	129.3031	-37.196056	196000	-1.3038516e-08	466.09583	-0.059256457	-235.2616	0.009001703	0.0	3437.5588223934174
49	166.4526	34.606426	255.3191	73.27041	122.13333	63.981	30.984653	117.83546	-37.09196	200000	-3.7252903e-09	326.4522	-0.05955067	-189.64081	0.009073451	0.0	3456.8913114070892
