Epoch	AverageEpRet	StdEpRet	MaxEpRet	MinEpRet	EpLen	AverageVVals	StdVVals	MaxVVals	MinVVals	TotalEnvInteracts	LossPi	LossV	DeltaLossPi	DeltaLossV	KL	BacktrackIters	Time
0	18.272127	8.189871	57.046715	7.0380745	18.51389	0.09222498	0.116409235	0.51293266	-0.35602856	4000	-1.1920929e-08	163.65288	9.536745e-10	-110.57762	29113.672	9.0	10.386770009994507
1	18.281061	7.128766	41.54174	6.270953	18.387096	9.240782	1.5403527	11.084624	0.34906182	8000	4.887581e-09	43.752285	-4.7683724e-10	-15.124292	29113.672	9.0	19.561306715011597
2	17.792206	7.427915	55.536804	6.9434857	18.168182	9.8034725	3.6861227	14.175108	-1.866207	12000	-1.6689301e-09	30.797302	4.7683724e-10	-2.1346855	29113.672	9.0	28.28459143638611
3	18.752079	9.313924	70.79546	6.246455	18.769953	9.868481	4.3182364	15.339544	-1.604434	16000	-5.00679e-09	47.364174	0.0	-2.658863	29113.672	9.0	37.39779329299927
4	18.18412	8.118865	50.79168	7.009	18.405529	10.867867	4.8278465	16.853584	-0.67313236	20000	7.987023e-09	32.070023	7.152554e-10	-1.5818577	29113.672	9.0	46.32929992675781
5	17.729301	6.8329062	39.450344	6.226574	18.113636	10.529463	4.7662053	16.734169	-0.013433546	24000	1.4781952e-08	21.915073	-2.3841817e-10	-1.3370781	29113.672	9.0	54.60358548164368
6	18.26214	7.197129	43.663357	7.2217226	18.518518	9.693233	4.6099787	16.398035	-0.10031844	28000	1.1920929e-09	24.01875	4.7683724e-10	-0.8575115	29113.672	9.0	60.83380913734436
7	18.553495	7.883351	53.262093	8.491004	18.55814	10.370488	4.689702	17.037271	-0.4419697	32000	2.1457671e-09	28.737877	0.0	-1.3088799	29113.672	9.0	68.836354970932
8	18.184381	7.679393	48.45212	7.2038364	18.396313	10.695711	5.160843	17.895784	-1.7870394	36000	-5.9604643e-10	26.57423	-9.536744e-10	-0.6413975	29113.672	9.0	75.82306265830994
9	18.496103	8.421356	50.471798	7.250941	18.453703	10.240203	4.8309712	17.265154	-1.9303904	40000	1.66893e-08	31.25761	2.3841906e-10	-1.0236721	29113.672	9.0	85.80217599868774
10	17.609491	7.133496	57.34517	6.5114365	18.081448	10.568225	5.4230866	18.347736	-3.666877	44000	2.2053719e-08	22.54828	2.3841906e-10	-1.068222	29113.672	9.0	95.89539384841919
11	17.677868	6.915486	40.37224	8.17803	17.95946	9.842523	4.790428	17.111303	-2.4164815	48000	-5.1259996e-09	20.87091	0.0	-0.22205544	29113.672	9.0	104.92733478546143
12	17.949984	8.120646	54.085773	6.8982716	18.15	10.04593	4.863138	17.193178	-2.4769163	52000	5.00679e-09	29.481388	-1.1920909e-10	-0.51660347	29113.672	9.0	113.1125876903534
13	17.678106	6.4537086	43.52073	8.917357	18.085974	10.235529	5.0638275	17.945774	-3.3492646	56000	-1.4185906e-08	19.040539	9.536745e-10	-0.5439644	29113.672	9.0	122.51416826248169
14	17.890617	7.769642	54.92898	6.229922	18.031673	9.798722	4.5885625	17.16566	-2.5071561	60000	8.106232e-09	29.117777	4.7683635e-10	-0.5379143	29113.672	9.0	131.60515141487122
15	19.010199	7.9628158	47.476578	6.9528356	18.980953	10.324367	4.9598937	17.928383	-2.554125	64000	7.390976e-09	27.483458	-7.152554e-10	-0.6911335	29113.672	9.0	139.02772188186646
16	18.330029	7.699571	62.89201	7.5052786	18.423964	10.821206	5.300169	18.554996	-2.8649948	68000	-2.503395e-09	26.935472	2.0265578e-09	-0.5470772	29113.672	9.0	145.9337863922119
17	18.19159	8.156798	56.641434	6.2467227	18.359447	10.309929	4.9578204	18.180077	-3.1778924	72000	-8.702278e-09	29.567707	3.576277e-10	-0.54447174	29113.672	9.0	153.55815958976746
18	18.954239	8.112098	54.16529	7.432867	18.816038	10.530946	5.0517163	18.306791	-3.426381	76000	7.688999e-09	30.084932	-3.5762726e-10	-0.63763237	29113.672	9.0	161.46191239356995
19	18.848593	8.466971	50.910336	8.053567	18.830189	10.765515	5.073087	18.300581	-1.6753287	80000	4.529953e-09	32.412457	2.3841862e-10	-0.87525177	29113.672	9.0	171.92694854736328
20	18.912931	8.897337	57.101303	6.3312693	18.769953	10.956549	5.1469865	19.199911	-0.8546585	84000	-9.983778e-09	36.449795	-1.1920864e-10	-0.6793556	29113.672	9.0	182.76968479156494
21	18.203451	8.2519	54.5801	7.519164	18.255709	10.8999	5.3578467	20.043907	-2.6225643	88000	1.0967255e-08	28.775343	2.3841817e-10	-0.88879204	29113.672	9.0	191.1235911846161
22	17.415058	7.3161845	49.930637	7.806109	17.901346	10.272453	5.341364	18.806398	-1.8305587	92000	1.5497208e-09	21.749481	-1.1920929e-09	-0.74090385	29113.672	9.0	200.29732489585876
23	18.095098	8.049696	49.67237	6.316398	18.266054	9.9207	4.8904734	19.051449	-2.2776034	96000	-1.6450882e-08	27.763174	7.152554e-10	-0.7053337	29113.672	9.0	208.54666948318481
24	19.664022	9.009926	58.877335	5.8766756	19.330097	10.82779	5.166365	19.723083	-2.5064974	100000	-5.3048135e-09	30.93691	-7.1525585e-10	-1.2055664	29113.672	9.0	216.2435019016266
25	19.471514	8.175442	56.28404	6.1431427	19.10048	11.368879	5.463086	20.44876	-2.1369636	104000	1.835823e-08	28.67298	0.0	-0.6830406	29113.672	9.0	224.63852453231812
26	18.29384	8.468719	56.343765	6.7783713	18.581396	10.615492	5.5056605	19.604391	-2.4886508	108000	-8.3446505e-10	32.354385	-9.536743e-10	-1.1315765	29113.672	9.0	233.6502513885498
27	18.417439	7.6926794	48.94128	6.0132356	18.453703	10.7573185	5.1041107	20.72058	-1.897268	112000	6.0200693e-09	26.721285	7.748602e-10	-0.9876518	29113.672	9.0	242.37894344329834
28	19.111557	8.387594	54.116074	7.303958	18.755869	10.602504	4.8915877	22.174553	-2.771879	116000	-1.1324882e-08	32.10502	0.0	-1.1109371	29113.672	9.0	250.8496859073639
29	18.557077	7.924189	49.545464	6.0875635	18.467592	10.9974375	5.3240547	22.212145	-1.7802988	120000	-7.152557e-09	25.515476	0.0	-0.5890522	29113.672	9.0	259.1385688781738
30	18.644318	8.995554	57.395008	6.2504644	18.5	10.473742	5.1974893	21.006672	-2.2342737	124000	-1.3291836e-08	37.278706	-3.3974645e-09	-1.6509552	29113.672	9.0	269.6826593875885
31	18.837421	7.5443306	40.237663	7.442535	18.760563	11.039447	5.4111676	22.266153	-1.8127573	128000	-1.692772e-08	23.262453	2.3841906e-10	-1.3914242	29113.672	9.0	279.22512912750244
32	18.777971	7.757832	45.434696	7.627485	18.616823	10.758655	5.1755137	20.352121	-0.8253514	132000	7.390976e-09	26.089754	-1.1920926e-09	-0.5833435	29113.672	9.0	287.61400842666626
33	17.495543	6.880858	59.152546	7.6543097	17.900902	10.509989	5.171471	20.268179	-0.751217	136000	2.7418137e-08	21.718113	-9.536745e-10	-1.3893623	29113.672	9.0	295.50568985939026
34	18.877846	7.7929296	49.56099	6.019244	18.92891	9.858475	4.7881784	20.466934	-1.9003389	140000	1.4781952e-08	28.074688	0.0	-1.482027	29113.672	9.0	304.48988580703735
35	18.670013	8.633647	50.575607	6.961272	18.61215	10.725154	5.2540436	22.431524	-0.9014294	144000	8.106232e-09	33.605717	-1.4305117e-09	-0.9336853	29113.672	9.0	312.1760308742523
36	18.41277	7.4499483	60.41966	5.6689143	18.690142	11.006087	5.2010393	21.35434	-0.79318655	148000	-1.3113022e-08	23.233824	-4.7683724e-10	-1.0831242	29113.672	9.0	319.38701820373535
37	18.198534	7.9228563	56.38355	7.1469517	18.439816	10.259303	5.2279863	20.820309	-0.79702526	152000	-3.5762787e-10	26.812485	9.536743e-10	-0.73674583	29113.672	9.0	328.13343381881714
38	18.358723	7.8319297	49.856476	6.3791914	18.344036	10.530646	5.2432885	23.209846	-1.645402	156000	-1.3828277e-08	29.144753	-9.536745e-10	-1.1198063	29113.672	9.0	335.7151961326599
39	17.967817	7.5181828	47.29157	7.272787	18.339449	10.272154	5.099626	21.860188	-0.61792916	160000	2.3841857e-09	23.722704	9.536745e-10	-0.73376465	29113.672	9.0	342.01302337646484
40	18.572523	8.465508	55.17692	7.1748347	18.49537	10.281797	4.852132	21.27911	-1.0734055	164000	-6.3180923e-09	33.811337	2.3841862e-10	-1.3617554	29113.672	9.0	347.9824686050415
41	18.611115	7.6213393	45.51375	6.18546	18.663551	10.607534	5.2275276	22.61077	-1.5473278	168000	7.867813e-09	24.06849	0.0	-1.0625553	29113.672	9.0	353.38149333000183
42	17.767916	7.5698533	48.412846	6.8661604	17.977478	10.575143	5.2025433	22.631657	-3.2491767	172000	-1.3828277e-08	24.704128	0.0	-0.84666824	29113.672	9.0	358.4856081008911
43	18.818548	9.272104	51.17379	5.7202277	18.595348	10.36568	5.130224	22.301292	-1.2011976	176000	-1.1324882e-08	36.58971	-2.3841906e-10	-1.6837578	29113.672	9.0	363.2355284690857
44	17.848808	7.0997677	42.477013	7.550772	18.045248	11.000623	5.494116	24.032135	-2.4656281	180000	1.7881394e-08	23.064335	-7.152572e-10	-1.9877663	29113.672	9.0	368.0135238170624
45	17.816208	7.5738907	58.85964	6.501465	18.154545	10.160089	4.949561	20.97223	-0.23395193	184000	-6.437302e-09	25.950277	0.0	-1.5024452	29113.672	9.0	372.6911253929138
46	18.517082	7.5150456	46.282772	6.34058	18.462963	10.220383	5.0522137	24.608276	-0.7847247	188000	7.778406e-09	24.687109	0.0	-0.86050415	29113.672	9.0	377.2631313800812
47	17.447886	7.427107	50.80414	6.6309423	17.923767	10.241672	5.1866	22.177824	-0.68571615	192000	-3.5762786e-09	22.734512	-1.1920929e-09	-0.62866783	29113.672	9.0	381.9364821910858
48	17.603195	7.426236	56.28894	6.1512113	18.141552	9.752645	4.9334865	20.985855	-0.73511	196000	-9.059906e-09	25.954523	4.7683724e-10	-0.8081093	29113.672	9.0	386.7912950515747
49	17.865463	7.365688	47.989567	7.002244	18.013514	10.190867	4.95173	21.278006	-0.9981519	200000	1.4185906e-08	24.46278	9.536745e-10	-0.75769806	29113.672	9.0	391.41879439353943
