Epoch	AverageEpRet	StdEpRet	MaxEpRet	MinEpRet	EpLen	AverageVVals	StdVVals	MaxVVals	MinVVals	TotalEnvInteracts	LossPi	LossV	DeltaLossPi	DeltaLossV	KL	BacktrackIters	Time
0	7.1302977	3.0531726	22.471357	2.6686015	10.632708	0.5274124	0.35230732	1.382356	-0.7721487	4000	2.9802322e-08	17.12069	-0.032430153	-13.636372	0.0098232515	0.0	64.8747718334198
1	9.339178	6.5213137	64.245766	2.5305479	12.294118	3.627111	2.7019174	8.00881	-1.7519681	8000	-2.9802322e-08	29.888401	-0.04468337	-5.366413	0.009827118	0.0	111.31337428092957
2	11.717883	7.9525	63.593666	3.281608	13.964912	5.6650705	3.9448352	12.894967	-5.1770697	12000	1.1175871e-08	35.609108	-0.042652573	-2.8438678	0.009725759	0.0	171.5027720928192
3	14.664365	10.489867	64.48066	4.2918878	15.52549	7.4382696	4.709054	16.05319	-4.467582	16000	0.0	52.80252	-0.042766042	-5.4059353	0.009903118	0.0	241.7951090335846
4	19.883278	16.04565	81.13192	4.534583	18.35514	10.492989	6.152232	19.176224	-1.7290965	20000	1.6763806e-08	124.66057	-0.041594356	-16.759186	0.009721855	0.0	312.34678196907043
5	30.70537	19.260704	76.884155	5.3216987	23.771084	16.317295	7.6106315	23.691408	-2.9454308	24000	-3.7252903e-08	163.34924	-0.03579519	-22.255314	0.009712193	0.0	382.66762828826904
6	38.105385	21.238749	123.63645	6.3102036	27.464788	20.755634	7.92101	26.221684	-3.905871	28000	-3.3527613e-08	201.07448	-0.03234005	-20.988018	0.009319998	0.0	453.2684645652771
7	46.545425	20.523132	87.02026	5.245222	30.632812	24.313858	7.718752	30.114708	-1.879053	32000	-3.3527613e-08	178.5035	-0.03221105	-59.94092	0.008843945	0.0	521.5547616481781
8	55.44184	16.453697	88.62092	9.302791	34.80531	27.934664	8.773162	36.347294	-0.14055723	36000	-7.450581e-09	119.507324	-0.024798963	-39.58496	0.009458752	0.0	592.1636424064636
9	61.77514	11.972342	96.63085	8.694246	37.304764	30.628689	12.305992	42.67577	0.6761003	40000	5.5879354e-09	59.78121	-0.028357035	-14.635737	0.009685654	0.0	664.0228893756866
10	69.564735	15.6487	118.580986	50.853443	41.263157	32.813507	13.875491	47.495647	0.72471166	44000	-1.6763806e-08	116.84009	-0.035456948	-20.799665	0.009929458	0.0	739.3475892543793
11	79.33307	24.75578	168.82333	21.74087	46.761906	37.391796	14.396768	52.017254	0.47746193	48000	7.450581e-09	246.57852	-0.03032969	-41.716576	0.0090108765	0.0	809.0307714939117
12	90.54494	30.088188	184.30513	33.429806	52.31081	42.295986	14.989546	56.26154	1.9950023	52000	-1.4901161e-08	327.50803	-0.03296441	-65.14713	0.009582232	0.0	879.5587701797485
13	117.78674	32.86965	181.09259	49.58006	64.08197	47.562836	16.842731	63.26316	3.0275025	56000	-1.4901161e-08	432.1045	-0.03147592	-161.70558	0.009946253	0.0	950.6196720600128
14	134.17688	37.238003	207.72926	32.065533	72.96296	56.822933	20.20245	74.25817	1.7930949	60000	3.7252903e-09	421.8501	-0.02850382	-96.93274	0.009567696	0.0	1023.3361148834229
15	156.32497	29.700312	211.31334	87.53248	84.45652	62.395496	22.193548	82.04833	4.2527966	64000	4.4703484e-08	300.1729	-0.030408427	-84.40086	0.0096085025	0.0	1095.3747749328613
16	188.5643	27.738811	219.65228	62.066814	100.18421	65.5356	25.875257	90.47173	-0.45596564	68000	-1.6763806e-08	372.84198	-0.02287452	-217.36331	0.008513859	0.0	1170.2195935249329
17	199.0577	22.71177	232.33728	105.16803	105.361115	75.5205	28.86507	100.819626	1.2251683	72000	2.9802322e-08	180.92119	-0.018906888	-57.65116	0.009552396	0.0	1252.542634010315
18	209.09732	8.495625	235.73116	194.16957	109.457146	78.531654	31.954298	107.57315	-4.1527386	76000	1.3969839e-08	59.200645	-0.018474724	-37.0421	0.009458743	0.0	1336.6957550048828
19	205.8293	30.863699	232.04015	75.706055	109.882355	83.32463	32.7683	112.58009	1.4942447	80000	0.0	161.54785	-0.024740547	-25.563784	0.008853782	0.0	1422.4829289913177
20	214.82317	8.0005665	237.71054	202.50485	113.09091	83.380066	32.962288	114.425606	0.23513007	84000	-3.5390258e-08	23.95516	-0.019293552	-14.445161	0.008880667	0.0	1501.668333530426
21	204.76991	25.858969	229.7095	58.77245	106.19444	85.7267	34.221195	117.03824	1.6290886	88000	2.9802322e-08	82.18623	-0.027992096	-24.331953	0.008406069	0.0	1572.6707637310028
22	210.34724	7.814805	243.01329	201.45671	108.8	83.33675	34.83159	117.59164	3.529156	92000	5.5879354e-09	10.830856	-0.018774617	-3.8538537	0.009065604	0.0	1644.9107780456543
23	214.70375	9.339225	248.2549	201.56438	112.48485	85.000824	34.691467	118.88202	0.7843982	96000	-5.5879354e-09	7.2766805	-0.016331377	-1.8580346	0.008768884	0.0	1716.5428969860077
24	218.56691	12.052015	247.47682	198.3428	117.15625	85.43418	34.38844	119.95099	1.3011547	100000	-3.7252903e-09	10.4753895	-0.022189233	-2.5585775	0.009614651	0.0	1785.838760137558
25	227.16411	14.926597	262.2795	197.39807	125.03333	84.442924	34.80527	120.64913	1.8036311	104000	1.8626451e-09	12.002054	-0.016041292	-4.068404	0.009046715	0.0	1854.44677567482
26	231.30197	16.23541	270.94644	204.94705	128.89655	86.503265	34.086887	121.65134	0.6621003	108000	-2.7939677e-09	12.935225	-0.01994016	-3.9044938	0.009654441	0.0	1926.7827684879303
27	241.56497	12.429549	280.49048	218.65001	139.35715	86.80406	34.4329	122.572266	1.9097781	112000	-7.450581e-09	12.523814	-0.026713394	-4.8427014	0.008156272	0.0	1998.4147899150848
28	238.83572	40.455246	328.27246	108.16941	139.62962	87.87303	33.855366	123.30429	0.41992736	116000	-7.450581e-09	178.84793	-0.029381985	-49.296986	0.008544629	0.0	2068.5988829135895
29	239.50978	13.935805	266.86646	209.17406	138.0	85.99941	33.384506	123.15789	0.3606608	120000	3.8417056e-09	13.88381	-0.019881751	-6.0611773	0.008369657	0.0	2140.7228915691376
30	242.95815	12.384925	271.79535	221.21423	141.18518	86.42251	33.97999	123.82686	0.994843	124000	3.7252903e-09	10.69463	-0.023686316	-2.1749527	0.008282376	0.0	2217.162925720215
31	245.98183	12.816597	272.21423	223.24046	142.3077	86.609436	34.82534	124.454735	0.47389162	128000	-2.7939677e-08	11.099361	-0.019372774	-2.1781135	0.008893219	0.0	2277.8827815055847
32	247.67625	12.730962	275.65833	224.03734	143.56	87.58905	34.035603	125.01185	0.6946626	132000	0.0	8.115431	-0.018828463	-1.2938191	0.008341356	0.0	2349.114768266678
33	255.81636	12.921934	300.38495	237.39337	152.125	88.42264	33.899822	125.52805	1.1750966	136000	1.4901161e-08	7.3616147	-0.017363511	-1.1802258	0.009144028	0.0	2419.490763902664
34	254.81963	13.510344	286.19482	228.97694	149.70833	88.73906	34.018696	126.17939	0.09364653	140000	1.6763806e-08	18.899817	-0.026699133	-9.49013	0.008048614	0.0	2489.5147728919983
35	256.3173	14.94604	290.84848	224.70499	148.79167	88.25517	34.452007	126.85324	0.33255112	144000	-1.8626451e-09	15.801754	-0.020828066	-4.2425156	0.008273117	0.0	2559.5987637043
36	269.86972	17.484653	296.16852	237.57936	153.625	91.54994	34.34379	127.61377	-0.026682973	148000	2.2351742e-08	33.070183	-0.023917705	-14.323019	0.009199533	0.0	2629.8187775611877
37	275.0957	47.6892	368.53156	171.15811	157.45833	95.32401	33.671837	129.6085	0.47380543	152000	-7.450581e-09	275.43594	-0.03195779	-70.7447	0.008513036	0.0	2699.8227622509003
38	288.22552	35.29737	356.3499	194.37883	163.95653	93.96663	34.578323	130.56895	-6.567221	156000	-3.7252903e-09	148.28314	-0.01980648	-33.862926	0.008566226	0.0	2770.9827692508698
39	291.8533	25.722792	343.2853	255.84898	163.72728	96.509094	34.964	132.72878	2.0652652	160000	1.4901161e-08	51.05704	-0.03067819	-11.973349	0.009220387	0.0	2842.902772665024
40	314.15973	44.587444	383.31705	189.05687	173.15	100.93655	33.472404	134.59276	2.2597373	164000	1.8626451e-09	188.46812	-0.02144063	-46.149307	0.009311307	0.0	2929.059452533722
41	331.23276	67.00961	404.216	155.56808	173.4762	107.245026	34.769886	138.63512	1.5021576	168000	-7.450581e-09	449.41855	-0.023307739	-120.543	0.009155968	0.0	3010.5835251808167
42	300.2021	56.543213	379.08344	134.48344	162.18182	110.317856	37.240074	143.83792	2.018695	172000	-3.7252903e-09	513.70966	-0.0144305285	-178.23941	0.009070593	0.0	3093.935661315918
43	340.95142	32.553883	417.4543	274.10016	181.55	103.2888	35.66067	143.23735	-2.9643993	176000	-7.450581e-09	161.03104	-0.024441235	-100.96722	0.009353106	0.0	3166.5428133010864
44	315.1241	99.56146	490.7881	118.03858	167.5	116.781494	35.497913	146.3837	-0.12157345	180000	1.21071935e-08	1161.0315	-0.02109988	-201.83891	0.008735181	0.0	3236.8867752552032
45	351.46808	95.321144	448.52655	137.54858	176.3	108.69051	33.211464	142.68466	-19.81575	184000	1.4901161e-08	858.7038	-0.01852005	-319.31143	0.009245791	0.0	3292.9147646427155
46	378.70984	102.13459	555.429	114.729774	192.94737	122.02083	36.086475	150.46097	-19.180546	188000	2.9802322e-08	526.1136	-0.026108958	-70.25138	0.00832274	0.0	3362.7432913780212
47	377.8688	86.95847	489.26083	150.08284	186.9	119.825775	39.03875	153.31316	-16.85789	192000	7.450581e-09	460.14764	-0.022164902	-86.150345	0.009262901	0.0	3419.1164388656616
48	410.85394	75.61734	522.19037	176.20193	199.72223	128.08498	36.60834	156.12	-2.6201503	196000	3.7252903e-09	490.9438	-0.022532575	-124.63646	0.008963236	0.0	3485.3707914352417
49	433.2961	101.18775	586.30646	172.60847	212.22223	132.00201	38.85122	161.33534	3.5903227	200000	-7.450581e-09	814.6927	-0.022104487	-158.89636	0.009124648	0.0	3541.4452786445618
