Epoch	AverageEpRet	StdEpRet	MaxEpRet	MinEpRet	EpLen	AverageVVals	StdVVals	MaxVVals	MinVVals	TotalEnvInteracts	LossPi	LossV	DeltaLossPi	DeltaLossV	KL	BacktrackIters	Time
0	28.207144	15.319221	90.0	9.0	28.207144	-0.0047285203	0.081502505	0.2595374	-0.31907275	4000	-1.6763806e-08	395.64062	-0.017785808	-218.70999	0.0080742035	0.0	24.08167028427124
1	29.861538	15.585869	106.0	10.0	29.861538	9.336619	1.5302942	13.16978	-1.8901882	8000	6.7055225e-08	198.13902	-0.021623764	-75.74451	0.0080201365	0.0	59.7337806224823
2	42.717392	27.244596	154.0	11.0	42.717392	16.727808	2.6010878	19.538073	-4.492379	12000	0.0	330.73932	-0.018422648	-69.28083	0.007529868	0.0	83.52692246437073
3	57.35294	39.99918	225.0	10.0	57.35294	22.581343	4.0601134	25.092234	-9.287622	16000	1.3038516e-08	463.70392	-0.023856366	-75.77619	0.007789547	0.0	118.48566555976868
4	98.76316	54.101482	239.0	25.0	98.76316	28.022163	8.126865	31.403393	-29.637167	20000	-1.8626451e-08	753.63007	-0.017232038	-241.02928	0.0072152	0.0	151.84966945648193
5	151.66667	81.560646	380.0	14.0	151.66667	37.748627	4.1677976	39.71258	13.758702	24000	-7.450581e-09	830.4557	-0.013595188	-292.93585	0.006674567	0.0	175.12477350234985
6	237.2	64.98636	393.0	145.0	237.2	45.090458	8.88685	49.56697	9.183277	28000	-7.636845e-08	714.74524	-0.014671228	-287.2149	0.008388746	0.0	209.56167221069336
7	240.33333	75.2752	499.0	174.0	240.33333	51.262306	13.008788	58.286694	12.499133	32000	5.9604645e-08	433.5548	-0.009733874	-160.28957	0.008588794	0.0	232.0808093547821
8	272.92307	80.94296	500.0	178.0	272.92307	55.443695	15.368425	64.511604	9.334093	36000	1.8626451e-08	375.3756	-0.007129248	-118.23576	0.008410649	0.0	258.3401985168457
9	362.0	85.08084	475.0	227.0	362.0	60.440083	15.221896	69.72169	9.994259	40000	-2.6077032e-08	503.70148	-0.0069711953	-207.79941	0.006373726	0.0	292.5903193950653
10	412.44446	87.30548	500.0	273.0	412.44446	69.769455	13.668918	75.32442	8.845492	44000	-4.656613e-09	322.62616	-0.0064542294	-68.76295	0.009200168	0.0	328.4856655597687
11	495.25	12.567319	500.0	462.0	495.25	77.51047	8.193159	79.241264	14.288495	48000	2.7939677e-09	568.5907	-0.003952858	-49.339	0.00838732	0.0	349.4442892074585
12	435.66666	122.25838	500.0	160.0	435.66666	72.02642	17.451635	80.48732	7.9354663	52000	2.6077032e-08	527.5204	-0.0050247777	-75.636566	0.008710049	0.0	375.63365507125854
13	384.75	98.012436	500.0	244.0	384.75	74.52443	18.143147	81.74109	5.897817	56000	-1.4901161e-08	238.9902	-0.004245784	-62.925987	0.006547545	0.0	401.5697720050812
14	338.8889	98.95167	500.0	155.0	338.8889	69.82806	20.40368	84.53331	7.204372	60000	-5.5879354e-09	231.04974	-0.013353227	-65.774	0.008365675	0.0	433.3501179218292
15	381.875	95.39188	500.0	274.0	381.875	82.06797	10.910541	86.095055	9.014663	64000	5.5879354e-09	593.7203	-0.0070820022	-99.38476	0.009207075	0.0	467.96179485321045
16	500.0	0.0	500.0	500.0	500.0	81.35404	6.6681437	85.66398	43.73031	68000	3.7252903e-09	548.1754	-0.0044794157	-40.521385	0.008725947	0.0	500.8136501312256
17	500.0	0.0	500.0	500.0	500.0	81.60111	5.990307	84.94958	47.685966	72000	4.4237822e-09	672.2586	-0.0044713384	-130.23676	0.008431767	0.0	534.3416693210602
18	464.0	58.31595	500.0	323.0	464.0	80.592186	4.3705606	83.972084	70.46467	76000	3.958121e-09	529.5719	-0.009587416	-82.33243	0.008598813	0.0	560.6537652015686
19	500.0	0.0	500.0	500.0	500.0	76.531815	8.937446	83.97088	38.70897	80000	2.7939677e-09	565.3308	-0.0061155427	-190.96921	0.008439147	0.0	582.9570074081421
20	441.125	84.37334	500.0	261.0	441.125	80.92552	12.632105	86.34826	10.358395	84000	3.7252903e-09	433.45956	-0.004723707	-78.66128	0.008641103	0.0	619.7056646347046
21	500.0	0.0	500.0	500.0	500.0	85.66347	2.61428	87.04959	72.62925	88000	2.7939677e-09	603.3307	-0.0022332948	-96.76658	0.0051048556	0.0	646.4598047733307
22	430.875	98.063034	500.0	222.0	430.875	73.94527	17.513996	85.62471	4.8612394	92000	1.1175871e-08	488.94092	-0.0053180084	-124.16373	0.008696626	0.0	682.066419839859
23	459.375	71.793	500.0	309.0	459.375	76.28587	14.070934	86.98185	15.161328	96000	-2.0489097e-08	419.84515	-0.008951947	-118.774826	0.009132172	0.0	707.5412764549255
24	500.0	0.0	500.0	500.0	500.0	84.08453	5.51942	88.20699	62.58476	100000	4.1909516e-09	561.6516	-0.0044303285	-79.33215	0.0072831213	0.0	740.7617845535278
25	477.5	40.36087	500.0	389.0	477.5	80.26654	10.521227	88.25258	4.964838	104000	-3.7252903e-09	464.5012	-0.0043661175	-69.72548	0.009836411	0.0	772.3337850570679
26	500.0	0.0	500.0	500.0	500.0	82.36458	6.591762	89.47099	66.40282	108000	9.313226e-10	584.5088	-0.0026387153	-62.472755	0.008555944	0.0	805.5976529121399
27	447.375	57.51508	500.0	347.0	447.375	77.89896	15.399582	87.34832	11.690646	112000	-6.519258e-09	195.66316	-0.003759278	-135.14911	0.0051306747	0.0	839.0563695430756
28	456.125	45.772366	500.0	369.0	456.125	79.44166	20.219173	91.0089	10.446891	116000	3.7252903e-09	90.406494	-0.006103106	-44.697563	0.008814095	0.0	870.9424479007721
29	417.875	70.50432	500.0	295.0	417.875	69.81361	34.520123	92.80797	-6.8860693	120000	-7.450581e-09	391.635	-0.008448262	-353.55423	0.007916673	0.0	891.4220285415649
30	478.125	30.657125	500.0	425.0	478.125	80.77764	17.803717	93.113976	12.522634	124000	1.1175871e-08	231.7937	-0.0048250817	-26.494469	0.0068729827	0.0	931.5656723976135
31	468.0	54.660316	500.0	337.0	468.0	74.576515	22.754639	93.34242	9.753816	128000	-7.450581e-09	151.66899	-0.005178809	-59.48323	0.008352379	0.0	962.7644913196564
32	500.0	0.0	500.0	500.0	500.0	91.33348	5.545054	94.88826	59.542767	132000	1.8626451e-08	590.28906	-0.0038915686	-218.39395	0.009760164	0.0	1002.8564782142639
33	482.25	22.565184	500.0	432.0	482.25	76.377975	20.919931	92.21887	8.346559	136000	-1.8626451e-08	199.32129	-0.004776228	-32.776253	0.007120625	0.0	1042.19646859169
34	462.75	53.6534	500.0	338.0	462.75	78.069046	21.881361	93.20313	7.9562654	140000	-1.1175871e-08	80.5421	-0.004414249	-4.615514	0.008442318	0.0	1079.150715827942
35	456.5	59.61963	500.0	343.0	456.5	84.701706	17.869543	94.589355	7.9314675	144000	-1.4901161e-08	258.89438	-0.0046443418	-46.46149	0.009234292	0.0	1111.8578267097473
36	500.0	0.0	500.0	500.0	500.0	80.144844	18.48673	92.72345	19.471882	148000	1.8626451e-09	309.86603	-0.007181837	-48.144325	0.008089374	0.0	1139.6461219787598
37	500.0	0.0	500.0	500.0	500.0	82.946	13.787244	92.088104	27.97181	152000	-3.7252903e-09	282.17426	-0.0031438507	-61.036896	0.006133914	0.0	1163.9663033485413
38	500.0	0.0	500.0	500.0	500.0	76.44575	16.500399	94.5648	26.152582	156000	1.1175871e-08	297.3443	-0.006942531	-25.81342	0.009389618	0.0	1193.3156006336212
39	500.0	0.0	500.0	500.0	500.0	89.002	8.077595	96.4458	63.216522	160000	7.450581e-09	531.43677	-0.0029439535	-129.52214	0.0063961777	0.0	1217.5569264888763
40	500.0	0.0	500.0	500.0	500.0	61.813545	30.130602	96.25954	-0.20689678	164000	-8.568168e-08	711.143	-0.0077918395	-492.91837	0.009369319	0.0	1238.7018024921417
41	500.0	0.0	500.0	500.0	500.0	82.647064	23.310974	97.53878	3.5071936	168000	-1.4901161e-08	599.533	-0.004119482	-192.56065	0.008724604	0.0	1263.779628753662
42	500.0	0.0	500.0	500.0	500.0	82.30082	14.768125	92.53503	8.283052	172000	1.1175871e-08	513.69543	-0.0053982325	-50.642036	0.009864168	0.0	1284.7668251991272
43	500.0	0.0	500.0	500.0	500.0	75.286934	17.147842	89.827156	5.279969	176000	1.8626451e-08	384.81775	-0.002062738	-48.580418	0.009042228	0.0	1313.3619978427887
44	500.0	0.0	500.0	500.0	500.0	76.70715	7.838223	94.30862	43.647423	180000	-1.8626451e-08	413.8568	-0.005340617	-162.17491	0.0075738328	0.0	1340.8056466579437
45	500.0	0.0	500.0	500.0	500.0	87.41305	12.235196	98.04874	45.30186	184000	-9.313226e-09	626.5043	-0.007998737	-128.74628	0.00967427	0.0	1370.1137084960938
46	500.0	0.0	500.0	500.0	500.0	90.3547	5.268214	97.405464	71.766	188000	-1.6298145e-09	694.6189	-0.007941903	-102.74733	0.00922934	0.0	1397.2757303714752
47	427.0	100.420364	500.0	253.0	427.0	86.63319	3.9809055	93.12187	74.52516	192000	1.6763806e-08	663.9089	-0.008263322	-110.8907	0.008642456	0.0	1423.3006608486176
48	500.0	0.0	500.0	500.0	500.0	76.71392	5.1661153	85.370735	61.361633	196000	9.313226e-10	569.69073	-0.003270425	-27.27594	0.008297637	0.0	1448.2698299884796
49	450.0	132.28757	500.0	100.0	450.0	80.03567	6.5213776	89.98819	62.209976	200000	-5.5879354e-09	586.7696	-0.0036870567	-17.186958	0.006933877	0.0	1460.9625685214996
