Epoch	AverageEpRet	StdEpRet	MaxEpRet	MinEpRet	EpLen	AverageVVals	StdVVals	MaxVVals	MinVVals	TotalEnvInteracts	LossPi	LossV	DeltaLossPi	DeltaLossV	KL	BacktrackIters	Time
0	-720.2975	156.461	-527.6175	-953.0331	1000.0	0.16270365	1.0089852	2.644445	-2.1414557	4000	2.9802322e-08	4893.382	-0.055899806	-902.9155	0.0090786405	0.0	5.478900194168091
1	-884.9002	111.64155	-696.0872	-985.59717	1000.0	-6.504564	4.169089	8.305614	-15.518035	8000	-7.450581e-09	6129.367	-0.056087963	-2241.3516	0.009008793	0.0	10.174421787261963
2	-876.47406	155.85709	-669.0709	-1098.6105	1000.0	-14.093317	18.568747	24.378101	-24.69534	12000	9.685755e-08	4938.1416	-0.06005357	-1743.098	0.00919293	0.0	14.198024272918701
3	-769.5198	110.357155	-594.1335	-890.07043	1000.0	-30.364496	1.1670706	-10.491666	-30.808506	16000	3.7252903e-09	2486.3452	-0.059763256	-399.56326	0.009032067	0.0	29.949958324432373
4	-641.32275	59.60524	-558.1689	-725.17755	1000.0	-35.91874	0.32230735	-21.593134	-36.013355	20000	-7.450581e-09	918.2816	-0.058595516	-137.07065	0.008995069	0.0	47.78511452674866
5	-751.33905	187.55772	-539.1411	-1046.1814	1000.0	-39.187206	0.1357132	-36.868435	-39.256626	24000	-4.4703484e-08	1710.8519	-0.059986457	-220.25426	0.0091562355	0.0	62.86061406135559
6	-780.58136	284.37964	-472.98468	-1238.1779	1000.0	-43.263596	0.12298158	-41.259182	-43.316353	28000	2.9802322e-08	1867.0363	-0.05865313	-177.21259	0.009082559	0.0	86.01797270774841
7	-749.8609	81.951515	-669.7778	-886.63873	1000.0	-47.02795	0.2845192	-35.42059	-47.120102	32000	7.450581e-09	1153.192	-0.057568457	-116.21976	0.008995722	0.0	114.3580493927002
8	-732.72266	91.72641	-607.83496	-861.2362	1000.0	-50.003056	1.1636128	-29.829563	-50.292263	36000	2.9802322e-08	877.01196	-0.0631066	-80.64879	0.0091704205	0.0	136.5828218460083
9	-694.44196	109.25553	-511.95953	-797.0514	1000.0	-52.890774	0.6801037	-32.364235	-52.99154	40000	-2.9802322e-08	969.76404	-0.056878816	-30.899738	0.009076599	0.0	160.09939289093018
10	-709.8352	90.24619	-585.06067	-840.175	1000.0	-54.210213	2.0876973	26.455114	-54.53676	44000	-7.450581e-09	606.2879	-0.060627125	-28.385078	0.009060055	0.0	184.883296251297
11	-728.4187	150.12337	-541.16846	-941.97687	1000.0	-55.881287	1.3287423	7.0096774	-56.00787	48000	1.4901161e-08	722.08594	-0.06537911	-38.273487	0.008980186	0.0	207.98995852470398
12	-787.6686	155.2864	-527.50055	-917.13947	1000.0	-57.79067	0.842918	-24.03983	-57.896774	52000	-3.7252903e-08	916.4227	-0.062307805	-73.71008	0.009139889	0.0	231.6746973991394
13	-646.0305	117.71731	-530.2169	-831.5616	1000.0	-60.59047	0.5108586	-39.86562	-60.67183	56000	1.4901161e-08	485.1513	-0.06057191	-0.8847122	0.009005544	0.0	258.9860112667084
14	-752.70856	115.67	-564.255	-879.45636	1000.0	-60.415947	0.79629666	-34.603104	-60.544147	60000	7.450581e-09	967.80774	-0.061700754	-26.248558	0.009070113	0.0	279.91654443740845
15	-616.2743	82.82391	-539.3199	-748.3581	1000.0	-61.27174	3.7099638	12.841484	-61.86816	64000	-1.4901161e-08	597.82983	-0.066128746	-76.60978	0.009144418	0.0	304.37302327156067
16	-625.38824	100.54105	-483.40076	-759.44366	1000.0	-57.138157	5.56024	15.821648	-60.51533	68000	-1.1175871e-08	505.97748	-0.0604041	-47.173058	0.009010574	0.0	330.96740794181824
17	-819.5246	94.80625	-727.0315	-971.936	1000.0	-57.016407	4.572304	7.6037374	-60.249428	72000	-3.7252903e-08	992.8134	-0.05926764	-188.1442	0.00901711	0.0	359.1899449825287
18	-586.0852	136.73405	-472.88852	-814.0181	1000.0	-62.05283	4.487116	34.220535	-63.729805	76000	7.450581e-09	500.4627	-0.06245526	-182.10207	0.009135733	0.0	382.6499836444855
19	-554.09296	51.102757	-506.80518	-630.0746	1000.0	-54.13054	7.4362726	-9.2923765	-62.981197	80000	1.7695129e-08	280.52698	-0.059554502	-81.240234	0.009048669	0.0	411.502188205719
20	-584.66064	74.33323	-517.06964	-709.65234	1000.0	-50.2422	5.4163275	-7.9654255	-62.44501	84000	2.2351742e-08	375.93076	-0.061090924	-33.77895	0.009145038	0.0	439.9059762954712
21	-654.57983	124.56715	-507.76358	-788.9544	1000.0	-57.770485	5.131072	-22.046635	-62.879883	88000	1.1175871e-08	469.3235	-0.056605667	-37.510437	0.009052949	0.0	468.45016622543335
22	-607.9315	118.36147	-468.30145	-753.2248	1000.0	-49.26472	9.893557	8.907603	-63.134956	92000	7.450581e-09	432.90585	-0.059177883	-66.90133	0.009037776	0.0	495.1432328224182
23	-647.91003	54.398506	-578.8997	-702.0288	1000.0	-56.543507	7.2558274	13.508511	-63.826817	96000	2.4214387e-08	439.23566	-0.059986137	-36.277653	0.009124849	0.0	523.7628433704376
24	-622.06915	37.348694	-558.46783	-653.89856	1000.0	-56.369736	8.348725	-11.857692	-64.36005	100000	-1.8626451e-08	387.1213	-0.055300277	-32.352486	0.0090066455	0.0	549.1444664001465
25	-647.2366	116.38022	-499.71982	-785.53	1000.0	-56.28946	8.893597	-7.5587664	-64.4459	104000	-5.5879354e-09	533.008	-0.059027724	-36.08033	0.009021455	0.0	572.7139632701874
26	-698.7083	85.34652	-557.59576	-787.09033	1000.0	-57.717384	7.6816106	-13.492324	-65.07268	108000	-7.450581e-09	387.35443	-0.062998466	-39.330574	0.009133067	0.0	600.7004086971283
27	-702.2417	125.37521	-493.28732	-819.34045	1000.0	-60.058846	8.025301	-8.511659	-65.93103	112000	1.4901161e-08	531.7533	-0.05385153	-40.448658	0.009019192	0.0	620.1816561222076
28	-540.74786	140.4082	-455.78018	-783.90454	1000.0	-52.109756	11.493581	3.0205038	-67.31708	116000	-2.2351742e-08	501.59778	-0.061352342	-100.289444	0.00904149	0.0	648.9107327461243
29	-644.2013	89.53918	-502.17395	-746.80817	1000.0	-53.459545	10.457002	23.22652	-67.701546	120000	1.1175871e-08	599.0979	-0.059716534	-93.43181	0.0091228075	0.0	672.5781421661377
30	-619.61414	134.50735	-430.5812	-810.83453	1000.0	-55.8425	10.2271385	-5.9497137	-68.097626	124000	-1.8626451e-09	553.0979	-0.057266578	-64.26138	0.009107064	0.0	702.6767237186432
31	-587.75134	56.00627	-526.86096	-679.24243	1000.0	-52.949493	10.530408	5.8817253	-68.265724	128000	1.8626451e-09	447.85663	-0.0574224	-70.06006	0.00913704	0.0	729.539822101593
32	-566.16833	117.83205	-431.33542	-710.2873	1000.0	-52.31232	11.333021	38.495975	-68.25084	132000	1.8626451e-08	563.8583	-0.057532016	-97.77658	0.009124588	0.0	758.5899729728699
33	-496.917	73.60118	-414.7561	-605.5004	1000.0	-45.86068	9.393622	2.5012622	-67.93631	136000	-1.4901161e-08	377.82153	-0.05597474	-52.08449	0.009186799	0.0	783.1180331707001
34	-551.60693	52.22535	-482.0547	-622.7005	1000.0	-47.440647	9.548144	8.596831	-68.00099	140000	-1.4901161e-08	450.28668	-0.058463108	-92.841125	0.009051933	0.0	807.1640739440918
35	-584.0449	114.65088	-423.58862	-737.1013	1000.0	-49.495556	9.296034	-18.666824	-67.91195	144000	2.9802322e-08	472.42627	-0.061503217	-61.94788	0.009092359	0.0	836.0140676498413
36	-569.30334	65.80973	-478.59338	-658.8741	1000.0	-54.1731	8.808344	-11.170738	-68.67669	148000	-1.4901161e-08	402.8717	-0.058106996	-50.525272	0.009184388	0.0	854.1019666194916
37	-568.27673	97.11064	-422.8892	-658.16754	1000.0	-52.16855	7.362145	-2.4607263	-68.53058	152000	0.0	409.89813	-0.059106536	-58.253597	0.009124625	0.0	878.0499815940857
38	-616.40765	146.6152	-467.77066	-793.356	1000.0	-46.97957	10.030506	-11.145627	-68.37648	156000	-1.4901161e-08	527.52997	-0.05874006	-107.331085	0.009117412	0.0	903.0005395412445
39	-598.79004	105.87082	-454.0898	-740.13367	1000.0	-57.385	10.383448	-8.388715	-70.16923	160000	-1.4901161e-08	347.7233	-0.05929497	-52.360928	0.009054134	0.0	929.4146497249603
40	-555.4087	71.921974	-433.39407	-616.5606	1000.0	-53.35289	8.906715	-14.631158	-69.367355	164000	-1.3038516e-08	380.06906	-0.057666294	-58.34922	0.009104416	0.0	960.0299580097198
41	-559.8961	54.331013	-489.5326	-640.9506	1000.0	-45.161613	11.031907	-10.525868	-68.68531	168000	-3.7252903e-09	305.38135	-0.05889551	-56.8863	0.009160396	0.0	977.458616733551
42	-453.96204	62.061054	-387.3941	-521.16437	1000.0	-53.858173	8.237835	-15.091744	-69.665375	172000	2.6077032e-08	474.13763	-0.05808042	-233.58054	0.009151495	0.0	1004.6900191307068
43	-456.15393	67.47102	-343.16357	-521.4353	1000.0	-37.528717	5.0099998	-0.3380183	-65.42424	176000	2.9802322e-08	269.08624	-0.060749494	-55.25059	0.009078127	0.0	1032.1580533981323
44	-541.34326	90.416115	-398.0908	-645.6685	1000.0	-38.620975	8.302761	5.447151	-66.449554	180000	4.284084e-08	502.8922	-0.05680319	-179.43066	0.009207217	0.0	1058.7284038066864
45	-562.67114	61.844646	-484.78442	-643.29816	1000.0	-47.803867	6.9198375	25.434927	-69.38139	184000	-1.8626451e-08	352.19757	-0.054384623	-54.82576	0.009104769	0.0	1080.7521362304688
46	-543.98267	93.49186	-451.09445	-685.46735	1000.0	-50.837524	8.349408	-3.4650939	-69.72317	188000	1.4901161e-08	353.33514	-0.06136834	-44.4118	0.009216024	0.0	1107.5972192287445
47	-533.0817	110.28132	-392.7502	-650.8177	1000.0	-49.598564	7.1886764	29.403698	-69.903	192000	7.450581e-09	413.84015	-0.061674625	-59.69583	0.009152249	0.0	1131.4260115623474
48	-554.9492	27.75994	-523.24286	-599.57874	1000.0	-47.964943	8.049638	-8.137833	-69.13191	196000	-5.5879354e-08	403.37976	-0.058001947	-50.71391	0.009096235	0.0	1152.1137945652008
49	-434.86774	69.52979	-326.79657	-497.91916	1000.0	-48.720592	8.108094	-11.099799	-68.97698	200000	-7.450581e-09	277.29813	-0.05853011	-125.5197	0.009075046	0.0	1179.310003042221
