Epoch	AverageEpRet	StdEpRet	MaxEpRet	MinEpRet	EpLen	AverageVVals	StdVVals	MaxVVals	MinVVals	TotalEnvInteracts	LossPi	LossV	DeltaLossPi	DeltaLossV	KL	BacktrackIters	Time
0	9.139072	2.874655	22.916994	4.0512924	18.270641	0.4137974	0.36927375	1.1623844	-0.93876153	4000	1.5377998e-08	19.655691	4.768381e-10	-15.0170765	29113.672	9.0	10.531813144683838
1	9.075335	3.405658	25.025301	3.8689778	19.216347	2.5984917	2.9455564	7.3750906	-4.3366547	8000	-1.0490417e-08	6.019967	-4.7683724e-10	-0.7837024	29113.672	9.0	19.370234727859497
2	9.009608	2.6797397	19.419807	3.1392136	18.260275	2.79205	3.0839624	7.966959	-4.2443976	12000	1.2278557e-08	3.0922604	-7.152554e-10	-0.32396483	29113.672	9.0	28.146788597106934
3	8.858743	2.723349	21.986624	4.2237515	18.595348	2.622566	3.1331608	8.121245	-5.626317	16000	3.3378602e-09	3.487379	2.384184e-10	-0.31572175	29113.672	9.0	35.05593800544739
4	8.549247	2.5729563	21.468323	4.162118	17.825111	2.4237056	3.1565459	8.252234	-4.3618884	20000	4.7683715e-09	2.7039468	-4.7683724e-10	-0.159029	29113.672	9.0	42.84483790397644
5	9.077501	2.9287422	26.248116	3.6274798	19.512196	2.3858173	3.0595453	8.260582	-4.314698	24000	-2.861023e-09	3.499043	0.0	-0.16816664	29113.672	9.0	51.79860305786133
6	8.869269	3.0681508	30.663754	4.1008563	18.154545	2.728375	3.131998	8.691611	-3.8016603	28000	2.3007393e-08	4.396739	7.152554e-10	-0.15001822	29113.672	9.0	58.84581160545349
7	8.626361	2.7337365	24.275286	3.9881635	17.189655	2.8868554	3.143723	8.838855	-3.153757	32000	2.771616e-08	3.1252198	9.536745e-10	-0.13260365	29113.672	9.0	66.95491003990173
8	8.819418	2.665364	18.664862	4.6557007	17.89686	2.6061084	3.0774531	10.0836	-3.8342013	36000	-5.722046e-09	2.9147992	0.0	-0.10073471	29113.672	9.0	75.91975283622742
9	9.171743	3.0803964	22.253101	3.6009128	18.84434	2.5337944	3.1391275	8.601672	-3.801549	40000	-1.1563301e-08	3.544515	0.0	-0.1540947	29113.672	9.0	84.53909611701965
10	8.8122015	2.5474787	17.376429	3.6388	18.334862	2.746022	3.2481587	8.9254265	-3.6857817	44000	3.8146972e-08	2.552019	1.5497221e-09	-0.18152642	29113.672	9.0	94.95114874839783
11	8.920308	2.6781356	19.394844	3.6785338	18.779343	2.4752197	3.1760602	8.579279	-3.0434382	48000	-2.6226044e-09	2.4767318	-4.7683724e-10	-0.065445185	29113.672	9.0	103.5889880657196
12	8.942965	3.1374066	28.25036	4.229525	19.225962	2.462337	3.2041066	8.684548	-2.9237704	52000	-4.172325e-09	3.6879346	1.1920929e-09	-0.1191051	29113.672	9.0	112.3236448764801
13	9.428603	3.7090702	31.69339	4.077579	19.373787	2.7572339	3.175014	10.2509775	-2.8196669	56000	1.0967255e-08	5.4601326	-1.907349e-09	-0.2610407	29113.672	9.0	119.71853280067444
14	9.2685	2.9482508	24.86456	4.512698	19.727722	2.8267665	3.3863757	9.32934	-3.1036549	60000	1.3351441e-08	3.4999378	4.7683635e-10	-0.26795578	29113.672	9.0	128.24956250190735
15	8.846362	3.0663867	28.523197	4.500862	17.219828	3.0497313	3.2557285	11.120386	-3.49756	64000	7.2717667e-09	4.2369423	0.0	-0.2515154	29113.672	9.0	136.50305080413818
16	8.652315	3.0460207	34.50912	4.569174	17.816965	2.6233208	3.1201537	8.924311	-2.6968505	68000	-1.513958e-08	4.4900575	-9.536745e-10	-0.41607857	29113.672	9.0	145.68702173233032
17	8.952184	3.080887	25.087364	4.1372848	18.22831	2.8146074	3.1005242	8.585933	-3.3777208	72000	-3.9339065e-09	4.080751	9.536743e-10	-0.412014	29113.672	9.0	153.75168299674988
18	8.987742	2.9319868	19.612753	4.2491255	18.905212	2.6105497	3.2421074	8.954987	-2.905605	76000	2.861023e-09	3.1796918	4.7683724e-10	-0.21155906	29113.672	9.0	161.8445794582367
19	9.421221	3.6511362	36.81397	4.1647882	19.699507	2.6470518	3.242393	9.49257	-2.6359885	80000	-1.835823e-08	5.1177974	2.3841906e-10	-0.2797227	29113.672	9.0	171.35372972488403
20	9.345251	3.2377968	22.726446	4.0987883	19.285025	2.837912	3.4228158	11.513857	-2.4826033	84000	-1.1503697e-08	4.2784357	9.536745e-10	-0.1942935	29113.672	9.0	181.85212326049805
21	9.283498	3.2639525	28.53972	3.8524814	18.685446	2.8180113	3.352224	10.176455	-4.0993695	88000	-4.053116e-09	4.0395336	-7.152554e-10	-0.10310197	29113.672	9.0	190.34235739707947
22	9.305083	3.172985	26.783752	4.1867995	19.081339	2.8597522	3.3101737	10.374008	-3.0637736	92000	1.7404556e-08	4.053653	-1.4305108e-09	-0.2637291	29113.672	9.0	197.97666811943054
23	9.068586	2.6193404	20.20366	4.2489624	19.038095	2.6200066	3.3315434	9.537675	-2.8289378	96000	2.1457671e-09	2.662974	2.3841862e-10	-0.17433786	29113.672	9.0	207.21598529815674
24	9.05229	2.7688932	21.087458	4.0621333	18.957144	2.5714765	3.1587288	8.909305	-3.560234	100000	3.5762787e-10	2.94725	0.0	-0.1090703	29113.672	9.0	216.17158913612366
25	8.639788	2.429106	16.078114	4.6857486	18.15	2.744354	3.1728294	8.976418	-2.9770393	104000	-1.4781952e-08	2.443523	3.0994416e-09	-0.22556496	29113.672	9.0	224.38256788253784
26	8.966276	2.8293548	26.565172	3.7170901	18.099548	2.5109844	3.1166823	8.546765	-3.3627338	108000	2.3841857e-09	3.2775934	9.536745e-10	-0.14382625	29113.672	9.0	231.9335412979126
27	9.165173	3.3641658	33.00426	4.2825794	18.952606	2.6690166	3.1114252	11.556546	-2.5916796	112000	-8.34465e-09	4.5397677	0.0	-0.29921913	29113.672	9.0	239.84325528144836
28	8.954602	2.859297	23.348217	3.5488555	19.31884	2.7676406	3.314597	9.537078	-3.0332615	116000	1.3589859e-08	3.1437697	-7.152554e-10	-0.3119495	29113.672	9.0	248.31727170944214
29	8.645088	2.4999633	19.978096	4.0914555	18.746479	2.5201685	3.2286391	9.168416	-3.4714243	120000	-1.45435335e-08	2.4960532	7.152563e-10	-0.126724	29113.672	9.0	258.43603134155273
30	9.158466	2.8277638	28.164032	4.541416	19.519608	2.3301039	3.1207447	10.09482	-3.1431937	124000	7.1525574e-10	3.3432584	0.0	-0.19990921	29113.672	9.0	268.67432022094727
31	8.99354	2.6644628	19.15917	4.073162	19.019047	2.5986	3.2717156	9.053028	-4.439259	128000	9.059906e-09	2.5942287	-2.3841817e-10	-0.09256601	29113.672	9.0	277.4563343524933
32	9.315119	3.1764565	31.50637	3.6829844	19.192308	2.5745187	3.1877627	11.892959	-3.0307918	132000	1.5497208e-09	4.136819	2.384185e-10	-0.26113343	29113.672	9.0	286.59287214279175
33	9.043942	2.778834	21.282412	4.0269403	18.588785	2.8421044	3.2468235	9.707993	-2.9266999	136000	7.1525574e-10	2.86046	4.768371e-10	-0.14838886	29113.672	9.0	296.25189208984375
34	9.288728	3.022691	24.808296	4.6482964	18.732395	2.7612288	3.1904907	9.588465	-3.1928267	140000	-2.861023e-09	3.654076	-4.7683724e-10	-0.11279869	29113.672	9.0	303.78270626068115
35	8.982375	2.9837317	23.045855	4.465792	18.018099	2.906376	3.2844384	10.274295	-3.7839565	144000	-4.887581e-09	3.766213	4.7683724e-10	-0.16030383	29113.672	9.0	312.91067695617676
36	8.996875	2.7653663	23.050743	4.467598	19.27053	2.5563147	3.2203069	8.716143	-3.7185254	148000	2.3841857e-09	2.8466485	2.3841862e-10	-0.124694586	29113.672	9.0	319.75037360191345
37	9.072356	2.5775716	17.868763	3.6402464	18.84434	2.6744628	3.191461	8.992032	-3.9417868	152000	1.66893e-08	2.7074273	0.0	-0.15444589	29113.672	9.0	327.572336435318
38	8.914947	2.7759116	20.14451	4.251121	18.584112	2.6293547	3.2379127	8.887867	-4.148626	156000	6.2584875e-09	2.9424365	4.7683724e-10	-0.28668308	29113.672	9.0	335.2991645336151
39	9.304093	2.9231756	19.794699	4.260122	19.23077	2.571271	3.1686513	9.162395	-2.689512	160000	1.7642975e-08	3.441164	-9.536745e-10	-0.34931445	29113.672	9.0	341.9593617916107
40	9.044595	2.626285	19.47289	4.206863	18.741783	2.7983515	3.3323424	9.777828	-4.212468	164000	5.9604643e-10	2.575997	-9.536743e-10	-0.31138778	29113.672	9.0	347.90322613716125
41	8.982146	2.7650692	20.341892	3.9270558	18.32258	2.607832	3.2170162	9.203544	-3.0680642	168000	4.768372e-10	2.995055	-9.536744e-10	-0.15090251	29113.672	9.0	353.03305983543396
42	9.108421	3.1065557	31.532784	4.3050146	18.416666	2.7462623	3.1847339	9.983092	-3.331808	172000	-2.6464463e-08	4.0612288	-1.907349e-09	-0.14453435	29113.672	9.0	357.73842430114746
43	9.192948	2.834586	22.470385	3.8795311	19.330097	2.6719878	3.150756	9.548938	-3.3562815	176000	-6.6757204e-09	2.8329985	9.536745e-10	-0.16415858	29113.672	9.0	362.5633022785187
44	8.705629	2.5119305	17.848663	3.6952283	18.113636	2.777603	3.3047278	9.43801	-2.5368521	180000	-1.0728836e-09	2.5952413	-9.536745e-10	-0.21874905	29113.672	9.0	367.2469172477722
45	8.811951	2.5393372	18.185595	3.2154741	18.058823	2.5238454	3.1187177	9.063597	-3.9351916	184000	-2.1457673e-08	2.2860255	-7.152554e-10	-0.10128236	29113.672	9.0	371.9344594478607
46	9.288171	3.0563846	26.773487	4.7970424	18.971428	2.5586228	3.1154125	9.261317	-3.4001894	188000	-1.1444092e-08	3.5814772	2.6226044e-09	-0.27516556	29113.672	9.0	376.46039748191833
47	8.922266	3.2243283	27.665651	3.6905184	18.643192	2.7689023	3.3599906	11.616428	-2.9516323	192000	-4.2915342e-09	4.061899	-7.1525585e-10	-0.243716	29113.672	9.0	381.08954215049744
48	9.087544	3.247712	25.174677	3.2715352	19.129187	2.6061883	3.2360258	11.193588	-3.5327277	196000	7.033348e-09	4.2048264	9.536745e-10	-0.26913953	29113.672	9.0	385.7277534008026
49	8.998095	2.9382076	33.413177	4.3086653	18.909952	2.7148323	3.296127	10.810245	-3.5146072	200000	-1.1920929e-09	4.3096275	4.768371e-10	-0.3975482	29113.672	9.0	390.71411633491516
