Epoch	AverageEpRet	StdEpRet	MaxEpRet	MinEpRet	EpLen	AverageVVals	StdVVals	MaxVVals	MinVVals	TotalEnvInteracts	LossPi	LossV	DeltaLossPi	DeltaLossV	KL	BacktrackIters	Time
0	-623.5033	71.58955	-521.3988	-709.8887	1000.0	0.016804947	0.80479866	1.9752902	-1.9421806	4000	-1.7881394e-08	3806.61	-9.536745e-10	-660.17236	58227.344	9.0	4.293266296386719
1	-735.6947	43.51188	-700.91077	-808.65485	1000.0	-6.075295	7.3029017	13.70994	-14.429386	8000	-1.7619134e-07	4338.583	-2.384155e-10	-1653.8491	58227.344	9.0	8.184943199157715
2	-733.49896	86.729965	-670.93616	-882.33887	1000.0	-20.073578	4.124747	10.925934	-23.130709	12000	-5.9604645e-08	2767.75	3.814698e-09	-778.3125	58227.344	9.0	12.23068642616272
3	-642.4906	80.907	-514.99164	-739.80585	1000.0	-29.926699	0.6615237	-14.714447	-30.234943	16000	-1.692772e-08	1429.2596	3.0994425e-09	-258.60608	58227.344	9.0	15.95479965209961
4	-655.70905	62.08249	-557.96313	-730.2377	1000.0	-34.840446	0.21570903	-31.96994	-34.993263	20000	-6.711483e-08	1368.545	4.768381e-10	-196.3186	58227.344	9.0	19.707802057266235
5	-675.55945	56.730286	-604.76575	-757.1106	1000.0	-39.124752	0.16041514	-33.891953	-39.212738	24000	-2.7954579e-08	1115.034	-1.9073472e-09	-145.04797	58227.344	9.0	23.435059309005737
6	-672.1804	106.46845	-557.1623	-779.2537	1000.0	-42.868015	0.20971127	-35.77303	-42.957947	28000	5.7816507e-09	1078.9833	-2.384186e-09	-112.173035	58227.344	9.0	27.19070529937744
7	-714.1466	126.71909	-551.3464	-899.278	1000.0	-46.101063	1.0110418	-13.877448	-46.310425	32000	-2.2649764e-09	1105.3843	1.1920931e-10	-132.70691	58227.344	9.0	31.05102014541626
8	-581.79346	58.382423	-504.47675	-667.91376	1000.0	-49.76643	1.3332993	-16.851625	-49.994446	36000	4.529953e-09	776.2508	0.0	-33.917053	58227.344	9.0	34.79680895805359
9	-699.81805	122.317444	-615.8303	-910.8809	1000.0	-49.31262	4.0629573	23.20544	-50.884155	40000	-2.2649764e-09	825.65466	0.0	-82.627625	58227.344	9.0	38.630009174346924
10	-652.0039	77.88406	-530.31976	-733.0557	1000.0	-52.97684	0.9114397	-22.090664	-53.220573	44000	-2.360344e-08	776.1786	1.1920953e-10	-42.60962	58227.344	9.0	42.792466163635254
11	-740.2816	55.46936	-649.4735	-789.8138	1000.0	-53.86952	2.6348329	-0.7781051	-54.516506	48000	-4.7683715e-09	804.98334	-4.7683724e-10	-76.40399	58227.344	9.0	46.744046449661255
12	-671.93445	34.3334	-630.46533	-723.72095	1000.0	-56.96424	1.8327203	8.4108	-57.353954	52000	-5.9604643e-10	972.4653	0.0	-56.90869	58227.344	9.0	51.15984845161438
13	-668.91504	129.54045	-570.64655	-889.45026	1000.0	-55.478886	7.135859	15.360808	-58.96922	56000	-2.3841858e-08	803.96173	3.814698e-09	-50.10437	58227.344	9.0	55.161481618881226
14	-702.0514	69.14807	-633.3589	-816.7725	1000.0	-57.106594	5.154044	-20.023052	-59.941452	60000	-4.9352646e-08	848.93567	-1.4305108e-09	-90.2229	58227.344	9.0	58.930930376052856
15	-644.08344	66.200775	-581.1089	-754.86163	1000.0	-55.28919	13.236257	47.11499	-61.97701	64000	5.9604646e-09	587.4931	-4.7683724e-10	-179.02887	58227.344	9.0	62.833000898361206
16	-553.7121	100.24835	-456.48685	-693.45935	1000.0	-57.766663	6.8036118	31.24579	-62.099125	68000	-3.6358834e-08	502.68506	-1.6689299e-09	-89.66101	58227.344	9.0	66.57280564308167
17	-751.08386	188.65411	-587.39923	-1071.7247	1000.0	-53.024075	6.59389	4.822257	-61.40502	72000	-6.9141386e-09	1063.5258	3.2186507e-09	-196.06525	58227.344	9.0	70.46447253227234
18	-753.0341	121.02745	-630.3948	-941.23425	1000.0	-59.25695	6.478846	7.513631	-64.31051	76000	3.5762786e-09	567.2309	0.0	-61.50171	58227.344	9.0	74.29591727256775
19	-716.5242	69.871124	-643.1485	-808.25165	1000.0	-64.89927	3.1810894	-21.387041	-66.40969	80000	2.3841857e-09	828.94434	4.7683724e-10	-108.548584	58227.344	9.0	78.10183072090149
20	-609.4181	127.74461	-447.61865	-775.8345	1000.0	-57.3214	13.40527	13.706061	-67.53094	84000	1.3947487e-08	1028.6533	-4.7683724e-10	-395.83533	58227.344	9.0	82.33660197257996
21	-666.0415	103.890724	-562.28973	-779.9466	1000.0	-55.897156	10.695236	22.807682	-66.89377	88000	-2.0980835e-08	686.927	-9.536745e-10	-88.559265	58227.344	9.0	86.28092288970947
22	-670.9658	116.85308	-569.6408	-855.1235	1000.0	-54.73303	14.851143	22.363632	-67.49881	92000	-2.7656554e-08	795.709	3.814696e-09	-116.502075	58227.344	9.0	90.11522579193115
23	-615.0538	131.56653	-434.93423	-756.0548	1000.0	-58.10288	9.997154	-3.2299786	-68.082306	96000	6.6757204e-09	747.349	-9.536745e-10	-72.92761	58227.344	9.0	93.95429134368896
24	-723.08984	87.57042	-573.27075	-794.647	1000.0	-55.554558	11.388137	30.982283	-68.54522	100000	2.6702882e-08	683.8347	0.0	-161.9403	58227.344	9.0	97.59682059288025
25	-601.1558	47.826263	-560.3953	-682.6551	1000.0	-60.476994	8.103196	-22.361727	-70.06241	104000	-3.695488e-09	637.7424	-9.536745e-10	-80.111755	58227.344	9.0	101.33016085624695
26	-677.306	149.42012	-459.30597	-842.2027	1000.0	-56.884235	7.8213043	-8.6122265	-69.48606	108000	7.390976e-09	992.62787	0.0	-112.35632	58227.344	9.0	105.05677056312561
27	-758.693	91.30904	-668.09204	-901.7905	1000.0	-52.390118	14.171392	17.883255	-70.60062	112000	3.576279e-08	951.39056	-1.6689299e-09	-272.2373	58227.344	9.0	108.80059456825256
28	-656.6058	78.41526	-583.72406	-788.7124	1000.0	-62.294605	8.831321	-21.218876	-73.05757	116000	-2.7179718e-08	428.3475	-4.7683635e-10	-56.63919	58227.344	9.0	112.70009994506836
29	-707.6349	134.02171	-494.85535	-852.3986	1000.0	-62.563564	8.385301	-6.3782825	-72.66415	120000	1.0251999e-08	760.5775	2.8610225e-09	-89.28961	58227.344	9.0	116.26893711090088
30	-668.4349	56.674828	-611.98956	-738.54553	1000.0	-60.769062	11.074982	-10.726354	-73.673775	124000	-5.4836273e-09	704.8323	-2.3841857e-09	-115.60901	58227.344	9.0	120.18269753456116
31	-715.7206	105.049965	-603.0928	-836.3614	1000.0	-62.71843	10.347121	2.8204117	-74.50512	128000	1.9073487e-09	816.80273	0.0	-93.62018	58227.344	9.0	124.40949130058289
32	-807.4446	162.1742	-571.94836	-1022.6094	1000.0	-60.06192	17.42882	34.012222	-75.02097	132000	1.4305115e-09	997.97064	0.0	-294.7655	58227.344	9.0	128.67423796653748
33	-711.3911	89.71515	-623.4358	-861.4859	1000.0	-62.389595	16.730188	7.6662154	-78.29915	136000	-2.7656554e-08	944.8576	-4.768381e-10	-216.70276	58227.344	9.0	132.59245920181274
34	-619.8852	95.44894	-463.6502	-722.7171	1000.0	-62.38297	11.662898	4.8729057	-79.02235	140000	2.6226044e-09	501.31293	9.536743e-10	-111.56439	58227.344	9.0	136.58470129966736
35	-751.9048	30.17189	-704.8812	-788.95953	1000.0	-58.82497	9.196486	-6.261888	-78.04936	144000	1.6212464e-08	719.4269	-9.536745e-10	-128.54987	58227.344	9.0	140.1325879096985
36	-637.22546	78.356834	-512.81036	-721.79443	1000.0	-59.894875	9.345812	-26.879105	-78.61103	148000	-1.4305114e-08	764.30524	1.907348e-09	-136.74884	58227.344	9.0	143.61139559745789
37	-653.56006	102.80113	-484.00977	-758.31824	1000.0	-56.427406	13.350758	20.489384	-78.569664	152000	1.2874604e-08	682.8427	-1.907349e-09	-105.03284	58227.344	9.0	147.18571949005127
38	-647.78076	117.98161	-510.83133	-835.25134	1000.0	-57.181904	10.645162	-3.1562803	-78.774055	156000	8.106232e-09	675.7012	-7.152563e-10	-75.48682	58227.344	9.0	150.78942155838013
39	-730.38385	106.95981	-619.53296	-845.3188	1000.0	-60.629246	13.6456785	-4.185541	-79.430336	160000	1.9550324e-08	765.7403	4.7683635e-10	-140.86682	58227.344	9.0	154.36439752578735
40	-680.19916	187.20581	-437.00024	-962.6168	1000.0	-60.130726	14.354122	21.146633	-80.02378	164000	1.0967255e-08	968.036	-3.3378598e-09	-162.56964	58227.344	9.0	158.17501854896545
41	-678.82996	99.779335	-544.34314	-810.1876	1000.0	-57.364765	14.074329	-2.592898	-80.74804	168000	2.6464463e-08	733.9427	-4.768381e-10	-104.07025	58227.344	9.0	162.4489040374756
42	-454.85657	100.12826	-344.90076	-598.1496	1000.0	-57.982857	11.37492	-6.653414	-82.05306	172000	-6.9141386e-09	966.8845	1.5497204e-09	-462.1469	58227.344	9.0	166.16570782661438
43	-729.0564	109.89092	-621.862	-911.5626	1000.0	-43.626965	12.079003	7.6598577	-77.86925	176000	2.8610229e-08	1746.2228	-2.8610216e-09	-735.6205	58227.344	9.0	170.6006736755371
44	-658.0298	90.68831	-582.2548	-811.0795	1000.0	-54.64768	16.197737	23.942896	-84.18957	180000	7.987023e-09	538.9202	0.0	-140.66672	58227.344	9.0	174.28926515579224
45	-586.3109	59.032265	-488.19315	-640.50336	1000.0	-60.363842	12.176189	-17.135216	-84.90829	184000	-3.8146974e-09	807.0111	-9.53674e-10	-236.71533	58227.344	9.0	178.03247237205505
46	-630.5079	177.19827	-389.93942	-889.8051	1000.0	-52.241997	14.89098	39.015186	-82.939156	188000	-3.0994416e-09	769.95013	7.1525585e-10	-150.93414	58227.344	9.0	181.79787302017212
47	-670.6894	136.26181	-584.09296	-906.356	1000.0	-54.085983	16.633415	37.608837	-83.429436	192000	-4.673004e-08	817.05804	-1.4305144e-09	-192.96643	58227.344	9.0	185.53396224975586
48	-691.93274	76.40026	-584.58124	-787.7426	1000.0	-59.444084	11.969968	14.359572	-84.29866	196000	1.0967255e-08	498.05	-1.4305117e-09	-67.134	58227.344	9.0	189.2548792362213
49	-738.32056	45.22851	-688.15735	-783.6557	1000.0	-65.08525	11.837337	-13.840803	-84.72925	200000	1.0251999e-08	628.1663	-1.4305117e-09	-74.956116	58227.344	9.0	193.4793574810028
