Epoch	AverageEpRet	StdEpRet	MaxEpRet	MinEpRet	EpLen	AverageVVals	StdVVals	MaxVVals	MinVVals	TotalEnvInteracts	LossPi	LossV	DeltaLossPi	DeltaLossV	KL	BacktrackIters	Time
0	5.857112	6.987263	35.2131	-8.202685	27.136055	0.51408166	0.70089304	2.0968976	-1.7796783	4000	7.390976e-09	33.62054	-2.3841862e-10	-9.223909	58227.344	9.0	5.616676092147827
1	6.5128508	7.0794415	33.6335	-5.328952	27.190475	0.82188356	2.6988804	7.3464346	-7.1900496	8000	6.437302e-09	25.327812	4.768368e-10	-3.7651978	58227.344	9.0	10.426135063171387
2	5.3972363	6.3716216	28.580967	-9.788581	27.923077	0.8879516	3.2277708	9.014964	-9.384913	12000	-2.5272369e-08	25.394226	1.4305108e-09	-5.7159653	58227.344	9.0	15.06032943725586
3	5.8750772	6.210348	26.220663	-8.195386	27.102041	0.15271911	3.3778012	9.014959	-11.543789	16000	-1.2397766e-08	19.78602	2.3841862e-09	-3.454197	58227.344	9.0	19.790979385375977
4	7.0368614	7.342493	36.200363	-8.5920515	29.367647	0.4417573	3.579755	10.257462	-12.128592	20000	-1.4305115e-09	24.728582	-7.1525563e-10	-4.45747	58227.344	9.0	24.447345733642578
5	6.188605	7.1903167	32.10482	-11.449826	27.363014	0.747684	4.001824	10.697866	-15.213991	24000	-6.437302e-09	23.370672	1.907349e-09	-4.38225	58227.344	9.0	29.0616238117218
6	6.3928747	7.109413	31.996748	-19.422201	27.63889	0.8811334	3.8857186	12.557155	-15.354743	28000	1.1920929e-08	22.539543	-1.907349e-09	-4.636856	58227.344	9.0	33.57243585586548
7	7.2798734	8.2445755	37.50987	-11.939564	30.242424	0.96905434	4.0311656	12.753244	-14.920355	32000	-6.437302e-09	31.23188	0.0	-6.5626144	58227.344	9.0	38.183791399002075
8	6.2725086	6.7636185	42.284122	-8.102255	28.276596	1.0084974	4.4097395	16.404173	-17.431053	36000	1.7881394e-08	23.835264	1.9073472e-09	-7.210346	58227.344	9.0	42.91391444206238
9	6.021025	5.9376416	23.896168	-10.176508	27.0	0.64720315	4.178261	16.1121	-16.967728	40000	-9.536744e-10	18.505148	-9.536744e-10	-4.3637924	58227.344	9.0	47.307379961013794
10	6.1491246	8.421864	45.75599	-11.790571	28.290781	0.50140655	3.8366208	10.781857	-16.113005	44000	-3.027916e-08	31.792265	9.536745e-10	-7.535429	58227.344	9.0	54.59936761856079
11	6.6423144	8.28397	56.25291	-3.8050115	27.6875	1.1970313	4.369696	21.030289	-18.0958	48000	1.013279e-08	27.764418	-4.7683724e-10	-6.114662	58227.344	9.0	63.61304569244385
12	5.7584195	5.6500087	22.4793	-6.990696	27.02721	1.0638202	4.2746587	16.214931	-15.2646675	52000	9.298325e-09	18.128572	-2.3841906e-10	-5.3537817	58227.344	9.0	72.06884098052979
13	6.0760703	6.687742	26.47923	-9.770822	26.453333	0.82033706	3.2813287	10.682752	-12.169702	56000	-2.9087067e-08	20.298567	9.536745e-10	-3.9589653	58227.344	9.0	81.07286357879639
14	7.837977	10.636802	103.34061	-8.279421	29.10949	0.99851125	4.212189	20.982824	-16.586258	60000	-3.886223e-08	62.69643	4.768381e-10	-24.773525	58227.344	9.0	89.47734594345093
15	6.322355	7.643861	50.06379	-9.949968	27.748251	1.2814666	4.982198	24.565245	-23.16644	64000	-1.45435335e-08	30.231327	-2.3841817e-10	-9.280897	58227.344	9.0	97.93008732795715
16	6.654851	6.6118417	31.937338	-7.680256	29.414814	0.4575585	4.666361	18.11908	-23.376154	68000	-9.536743e-09	25.250828	-7.152563e-10	-7.830082	58227.344	9.0	105.71687316894531
17	5.6833324	7.1936812	40.442673	-9.644953	26.626667	1.1237317	3.8677335	14.550941	-13.460221	72000	1.180172e-08	25.613327	-9.536745e-10	-6.2470074	58227.344	9.0	113.58593940734863
18	6.235697	7.1078568	37.637253	-4.404184	28.198582	0.25179303	3.847832	18.614687	-14.481827	76000	-2.1457671e-09	24.825493	2.384184e-10	-5.794649	58227.344	9.0	121.54801964759827
19	5.704977	6.4390063	29.333534	-13.800506	27.321918	0.6518571	3.958487	17.226072	-16.58605	80000	-6.556511e-09	19.762487	-9.536745e-10	-5.317402	58227.344	9.0	129.23561334609985
20	7.110851	10.0838175	81.07242	-11.023289	28.633093	0.61081934	4.02062	25.88205	-15.071692	84000	2.2411346e-08	46.32461	2.145768e-09	-13.790749	58227.344	9.0	137.7338569164276
21	6.701278	7.4711046	37.286514	-8.516862	28.719425	1.2420766	4.9382486	23.792143	-19.94609	88000	-1.5497207e-08	26.8277	4.7683635e-10	-7.3651085	58227.344	9.0	146.3129665851593
22	6.4306245	7.1342087	38.900543	-9.365135	27.90141	1.1658152	4.1224203	22.51631	-12.31069	92000	-3.504753e-08	22.636982	2.3841906e-10	-5.373455	58227.344	9.0	155.27881240844727
23	6.786744	7.884052	37.94087	-15.255951	28.826086	0.6992255	4.059941	18.369484	-13.9178705	96000	-1.9073487e-09	27.165867	-3.33786e-09	-5.9292107	58227.344	9.0	163.47324514389038
24	6.0735555	6.55278	27.796524	-11.769564	28.340425	0.90683395	4.0810056	12.697508	-17.235933	100000	-1.2874604e-08	19.054981	4.7683724e-10	-4.456846	58227.344	9.0	172.28438901901245
25	5.4724674	6.2778745	20.936201	-7.5645146	26.606667	0.66592175	3.827491	12.987805	-15.742445	104000	-2.3841857e-09	18.984152	-1.4305117e-09	-4.433792	58227.344	9.0	181.18275570869446
26	7.147495	7.0845327	30.537056	-9.159908	29.574627	0.15016517	3.91511	11.005871	-12.953251	108000	7.510185e-09	23.25882	1.0728831e-09	-5.977112	58227.344	9.0	189.6402826309204
27	5.783268	7.0161643	32.987957	-10.336767	26.483444	0.6319718	4.1510615	12.35936	-18.036451	112000	4.053116e-09	23.93224	0.0	-5.632986	58227.344	9.0	198.02608394622803
28	5.655646	5.895156	24.459265	-5.4417844	28.719425	0.43749908	4.118402	13.021984	-15.979843	116000	-3.3378602e-09	16.43652	1.4305115e-09	-4.463854	58227.344	9.0	205.4500377178192
29	6.891715	6.6479936	40.92196	-5.5990467	27.503448	0.6439685	3.4536862	13.469146	-14.192709	120000	-3.8027764e-08	21.326542	-1.4305108e-09	-5.3569107	58227.344	9.0	213.64108610153198
30	5.8313265	5.634261	25.971378	-4.6524444	27.246574	0.97624254	3.884739	18.098042	-13.695578	124000	-5.00679e-09	17.484886	-4.7683724e-10	-4.6532965	58227.344	9.0	221.1741487979889
31	6.480874	6.9727855	23.765121	-11.899633	29.088236	0.37256488	3.625971	11.568871	-14.542567	128000	1.9073486e-08	21.248796	-5.960459e-10	-5.0633106	58227.344	9.0	230.6712610721588
32	6.6832633	6.3863187	23.94366	-4.208574	29.686567	0.44171432	4.2487845	15.263235	-14.905622	132000	-2.3126603e-08	18.431524	3.814698e-09	-4.6673307	58227.344	9.0	239.64959740638733
33	6.054343	7.30995	39.590694	-9.68246	27.02027	0.8238817	3.6325004	11.088412	-13.842105	136000	8.5830685e-09	23.688417	4.7683724e-10	-5.4111767	58227.344	9.0	249.43218278884888
34	5.8265023	6.9910464	27.195887	-7.665585	27.79021	0.8821887	3.9845765	17.028559	-13.242752	140000	2.002716e-08	21.577002	-2.3841853e-09	-5.222208	58227.344	9.0	258.75572681427
35	5.3840575	5.96537	34.56924	-8.563889	27.369864	0.09373378	3.922018	12.642628	-16.980007	144000	-1.1444092e-08	16.9136	-1.907349e-09	-3.7192335	58227.344	9.0	266.81246519088745
36	6.9972873	7.0841126	31.771643	-7.054014	28.212767	0.4083408	3.7079747	13.200639	-16.186523	148000	-4.053116e-09	23.330101	-9.53674e-10	-6.21784	58227.344	9.0	275.1854500770569
37	6.3477163	6.6672177	31.0604	-7.7057843	27.902098	1.0868231	4.0286417	12.485338	-12.427212	152000	4.887581e-09	18.305363	0.0	-4.5312243	58227.344	9.0	283.45248317718506
38	5.3032336	6.3634076	28.861576	-8.9333105	27.273973	0.6894791	3.9750896	12.338941	-14.751562	156000	-2.5391579e-08	19.421019	2.3841906e-10	-6.1049814	58227.344	9.0	291.29845452308655
39	5.3440857	6.0072083	27.275074	-7.5074143	27.393103	0.10508777	3.9305155	15.527156	-19.25394	160000	-8.5830685e-09	18.47395	-2.3841906e-10	-5.517561	58227.344	9.0	299.9146454334259
40	6.19686	6.8983884	28.5882	-8.227664	28.927536	0.032514744	3.7615094	12.58634	-15.747249	164000	-2.7894973e-08	21.967026	5.960459e-10	-5.831934	58227.344	9.0	308.40786242485046
41	5.9800944	6.8582006	36.76203	-6.570146	28.948906	0.5808221	3.8837864	15.045328	-13.941602	168000	-1.9311905e-08	23.973759	4.7683635e-10	-7.2177505	58227.344	9.0	317.0228018760681
42	5.87782	6.9890456	36.5631	-7.1397896	26.972973	0.63364017	3.892434	11.082657	-13.01236	172000	-2.3126603e-08	26.384697	-1.1920918e-09	-6.706705	58227.344	9.0	325.8678619861603
43	6.7143598	7.0497046	42.13478	-7.8742056	27.874126	1.01696	3.7559621	12.452944	-15.463442	176000	2.336502e-08	22.951372	9.536745e-10	-6.384779	58227.344	9.0	335.55177545547485
44	6.0029345	6.42703	27.233295	-10.624045	26.691275	1.2142082	4.008617	15.942177	-15.673353	180000	4.005432e-08	20.726437	2.384187e-09	-5.340892	58227.344	9.0	344.15703558921814
45	4.487325	6.98549	29.898392	-11.155574	26.56	0.11673037	4.219144	12.554596	-16.697197	184000	-1.4781952e-08	21.641083	1.4305108e-09	-5.469015	58227.344	9.0	353.7817714214325
46	5.3906054	5.7380447	24.447857	-5.48829	26.45033	0.17299952	3.8529956	14.65604	-14.906031	188000	2.8610229e-08	15.691961	-4.7683635e-10	-4.3334427	58227.344	9.0	362.59447264671326
47	6.609495	6.9475083	29.150742	-6.5521398	27.776224	0.25650838	3.6343691	12.157627	-16.124907	192000	-7.867813e-09	22.636364	2.3841817e-10	-6.053274	58227.344	9.0	370.5839309692383
48	6.7733555	7.759428	58.192444	-7.8961163	27.743055	0.9607875	4.128508	16.820332	-17.10141	196000	-1.4781952e-08	25.669567	-4.768381e-10	-6.8884277	58227.344	9.0	378.8249363899231
49	7.839013	7.237728	32.645393	-9.062296	28.956522	1.561296	4.3776913	18.880505	-16.46047	200000	-9.536744e-10	24.963324	-4.768371e-10	-7.926609	58227.344	9.0	388.01559829711914
