Epoch	AverageEpRet	StdEpRet	MaxEpRet	MinEpRet	EpLen	AverageVVals	StdVVals	MaxVVals	MinVVals	TotalEnvInteracts	LossPi	LossV	DeltaLossPi	DeltaLossV	KL	BacktrackIters	Time
0	19.29439	8.358269	45.868977	7.1642084	19.188406	-0.24393487	0.21251325	0.44976515	-0.78715706	4000	5.2154064e-08	181.30038	-0.036200322	-129.51474	0.009564939	0.0	55.07476234436035
1	23.072357	10.446935	58.356358	7.1234665	21.595629	9.970971	1.9157999	12.234769	-3.99511	8000	-3.5390258e-08	91.7487	-0.034612335	-33.58773	0.009630643	0.0	108.81474614143372
2	29.185923	13.966971	78.95459	8.7685995	25.848684	13.240922	3.877131	17.353584	-3.384946	12000	-3.7252903e-08	114.807945	-0.039653067	-22.348043	0.009682594	0.0	163.63195180892944
3	40.951786	19.515629	101.58942	9.54002	33.050846	16.274485	5.3809485	22.015062	-2.6988761	16000	-1.3038516e-08	239.98615	-0.03582698	-61.180313	0.009763181	0.0	233.74675822257996
4	55.4802	32.392517	221.9785	15.510118	40.85567	22.402098	6.8663497	28.608114	-7.6397853	20000	-1.4901161e-08	543.1358	-0.032304607	-114.4659	0.009762962	0.0	304.0067584514618
5	96.68199	54.33924	264.79575	16.24556	61.4375	30.724989	7.0016365	36.37544	-3.94759	24000	-6.519258e-08	1367.2241	-0.03327647	-400.96185	0.009312883	0.0	373.8915238380432
6	146.3075	69.937775	292.2951	20.680344	80.76596	44.7203	7.143434	48.121017	-5.8551135	28000	1.8626451e-08	2156.8853	-0.028366119	-577.952	0.009199567	0.0	444.7387571334839
7	208.92383	46.680645	284.6161	83.56585	105.0	58.50005	3.9562905	59.94926	16.25081	32000	-7.357448e-08	2228.0146	-0.020350322	-780.6487	0.00776922	0.0	515.2507643699646
8	224.87685	29.475588	272.9226	87.2901	110.02941	64.33026	14.689936	70.994316	12.182778	36000	-9.313226e-09	1557.399	-0.016046388	-485.7391	0.007848997	0.0	585.7594592571259
9	223.89442	23.832968	268.3211	140.4278	107.457146	70.09195	18.944292	79.67958	15.433922	40000	1.9557774e-08	1131.0833	-0.0146063	-310.47897	0.007228248	0.0	648.4107718467712
10	221.88368	7.141045	237.64734	209.64246	102.22222	73.73438	22.253656	86.360245	4.913695	44000	-3.3527613e-08	831.62726	-0.015469654	-232.2235	0.0079946825	0.0	723.0507578849792
11	211.75891	32.960766	256.06198	22.289167	95.76923	78.4036	23.907606	92.07149	-1.2754802	48000	-3.3527613e-08	634.4868	-0.019290641	-153.94562	0.007611249	0.0	792.8253343105316
12	216.30852	6.9436326	229.03244	199.58684	97.666664	80.297485	26.661774	96.72951	3.3181624	52000	4.0745363e-08	419.24118	-0.017620362	-106.860535	0.008151231	0.0	864.7388818264008
13	217.71855	7.8966384	247.71944	207.5612	98.48718	81.990456	28.337275	100.62842	3.6707425	56000	3.7252903e-09	319.8304	-0.015575424	-80.61105	0.008388561	0.0	934.6787581443787
14	218.54852	8.0253525	239.04257	205.74763	99.97369	85.10375	28.99739	104.10898	2.8061523	60000	2.9569492e-08	253.07458	-0.013360881	-63.872684	0.008024488	0.0	994.664454460144
15	219.62851	8.266416	244.46027	204.36412	100.72973	85.39716	30.7234	107.14031	3.171924	64000	-3.5390258e-08	194.47574	-0.01577933	-47.20408	0.008730879	0.0	1066.8107550144196
16	223.31378	10.790836	245.1051	186.69739	103.30556	86.03684	32.168903	109.87413	2.6534438	68000	1.1175871e-08	161.26344	-0.014717727	-40.253036	0.008026298	0.0	1135.5067546367645
17	220.10832	14.134929	241.94327	148.14583	101.55556	88.23391	32.157036	112.43859	1.7802593	72000	-2.9802322e-08	163.23135	-0.01626228	-32.029137	0.007395805	0.0	1212.4352552890778
18	226.34233	9.461149	251.48065	211.7206	106.388885	87.918106	34.092567	114.642586	0.12677693	76000	-8.8475645e-08	92.31002	-0.0135297	-23.868914	0.008008098	0.0	1296.8707582950592
19	226.12447	11.239831	267.9196	208.33766	106.583336	89.63597	34.37252	116.68751	1.5618782	80000	-4.4703484e-08	71.38246	-0.017946968	-17.354294	0.008748607	0.0	1380.5236871242523
20	228.86845	11.039216	261.28546	212.25548	108.28571	89.52069	35.107788	118.49811	0.8951012	84000	-6.7055225e-08	59.581627	-0.015170917	-14.238811	0.008520886	0.0	1465.1844642162323
21	234.3956	12.039184	266.758	216.42036	113.90909	90.81608	35.34704	120.14118	1.9111339	88000	2.9802322e-08	54.466743	-0.015929777	-12.716486	0.008580756	0.0	1536.4692447185516
22	240.60063	13.117035	280.01877	214.62978	120.3125	91.005875	36.162426	121.69238	2.0899243	92000	7.450581e-09	44.213398	-0.016597047	-9.868717	0.008989235	0.0	1607.3787620067596
23	241.6392	11.532463	271.0977	222.31427	121.0625	90.81087	35.982758	123.04102	1.941745	96000	4.0978193e-08	36.377625	-0.012032904	-8.682661	0.008282362	0.0	1680.1148772239685
24	240.23538	20.240036	261.18698	146.75006	121.03226	90.80351	36.593975	124.30474	1.0336794	100000	5.029142e-08	73.62506	-0.013615215	-9.922437	0.009155745	0.0	1751.0396149158478
25	250.86844	12.516489	275.4731	226.32738	130.14285	91.983604	35.96797	125.36328	0.39173627	104000	-2.9802322e-08	28.663464	-0.016008832	-7.9392986	0.008759888	0.0	1822.290861606598
26	251.42589	11.227784	275.09695	230.75854	131.03448	92.29545	36.549828	126.51765	0.15787661	108000	1.3504177e-08	24.250954	-0.01662855	-5.8806977	0.0075444933	0.0	1892.1987533569336
27	256.52798	19.688213	280.352	179.79263	137.0	93.51079	36.333397	127.499275	0.6405165	112000	-9.313226e-09	40.000443	-0.014202122	-9.074095	0.008420812	0.0	1963.6559646129608
28	258.7986	32.087234	288.62097	107.65886	140.96153	93.082504	36.114223	128.30705	0.83320665	116000	-1.1175871e-08	106.924034	-0.016117245	-16.589579	0.008569213	0.0	2033.6347563266754
29	264.53006	11.90613	282.87518	237.51823	143.6	92.3787	35.74189	128.80592	-0.112546206	120000	1.6763806e-08	17.178825	-0.017552983	-8.071954	0.008411005	0.0	2102.9947504997253
30	262.04547	31.087536	303.87195	131.98816	144.23077	93.93661	35.982895	129.58572	0.01725471	124000	-7.450581e-09	117.19022	-0.012270883	-15.939635	0.0074378364	0.0	2177.4468648433685
31	268.06882	11.965093	293.4974	243.38327	146.70833	92.85739	35.52317	129.80319	0.5873014	128000	2.8871e-08	15.1061325	-0.031059224	-7.641585	0.007364694	0.0	2246.3747568130493
32	269.84668	13.305494	294.28076	246.16382	149.41667	94.193825	35.991924	130.64967	2.032148	132000	9.313226e-09	7.6686926	-0.015188788	-1.5925384	0.008646766	0.0	2318.126754283905
33	268.9122	14.609429	297.50836	240.64389	148.25	93.12036	36.54027	131.27486	1.0349936	136000	-1.4901161e-08	7.945505	-0.017275866	-1.7546718	0.008877533	0.0	2390.806758403778
34	279.05887	22.932882	320.16824	241.65381	158.58333	92.50964	36.42586	131.9178	-0.21897197	140000	0.0	8.725664	-0.014709983	-2.681654	0.009050515	0.0	2461.766755104065
35	280.4976	29.904331	348.10202	239.2373	159.0	94.40689	36.439	132.51665	-0.9087478	144000	2.6077032e-08	7.130356	-0.020394636	-1.8322041	0.0088601	0.0	2524.0396332740784
36	298.48016	36.03227	380.27887	248.13766	178.05	95.31404	35.142845	132.98875	0.10594118	148000	7.450581e-09	23.5246	-0.013774257	-3.6757326	0.008305555	0.0	2594.182783842087
37	299.638	36.225407	389.11084	246.62839	178.0	94.29625	35.65742	133.38834	-0.65115726	152000	-4.0978193e-08	9.502455	-0.017994875	-3.7733471	0.009278152	0.0	2665.3273265361786
38	308.5138	36.067604	388.25723	254.3711	186.11111	94.99274	35.100224	133.88988	-0.63901544	156000	7.450581e-09	7.635601	-0.019118257	-0.99250305	0.00970925	0.0	2735.2427599430084
39	308.5869	40.51706	401.44727	264.4737	182.95	93.70444	36.315464	134.32294	0.29903984	160000	2.2235326e-08	11.888988	-0.018756807	-4.865384	0.009484573	0.0	2805.674753665924
40	348.2817	69.92577	461.10516	274.94153	219.76471	96.758484	33.87601	135.04866	-1.3885801	164000	0.0	16.326117	-0.01852166	-4.877304	0.009264094	0.0	2884.975647687912
41	345.2171	73.96018	540.7627	281.08868	211.05882	96.770775	35.111195	135.73631	-2.6253657	168000	-2.0489097e-08	24.514282	-0.020388748	-14.491991	0.009482611	0.0	2965.290152311325
42	315.91357	31.575653	421.26056	271.7096	178.7619	98.05394	37.278416	136.60757	-0.31098354	172000	-3.3527613e-08	17.069344	-0.019398669	-6.1333313	0.009763638	0.0	3047.5516204833984
43	335.1333	75.50221	567.7208	273.84912	193.23529	99.974144	35.16244	137.84619	-1.7224253	176000	-1.4901161e-08	20.714052	-0.02111502	-6.7561207	0.009141205	0.0	3130.7507467269897
44	320.22293	20.352812	371.65787	281.44775	172.66667	100.78834	37.563416	138.94646	-0.4841677	180000	-1.3038516e-08	37.034885	-0.023811523	-15.131189	0.009521568	0.0	3201.4020953178406
45	323.61575	43.88959	505.70142	291.62198	170.75	102.78272	37.49713	140.5516	0.708616	184000	1.1175871e-08	34.59475	-0.018383466	-13.983473	0.009702502	0.0	3272.103430747986
46	319.8359	14.812764	357.11435	293.8726	162.56522	104.4398	39.21206	142.19212	0.55553424	188000	8.381903e-09	42.582367	-0.01922464	-15.05045	0.009302884	0.0	3342.1388692855835
47	321.71405	15.514129	361.96164	296.29077	159.34782	106.60775	40.12855	144.4278	-5.3298745	192000	2.9802322e-08	34.00918	-0.019715548	-16.639568	0.009517927	0.0	3402.119644880295
48	324.5931	14.706473	349.55148	294.74857	156.54167	109.397865	41.240654	146.8467	-0.10985243	196000	-2.3283064e-08	34.14616	-0.019940246	-19.202446	0.009758432	0.0	3471.1388890743256
49	328.5424	18.590008	374.22147	281.32114	158.95833	112.47564	41.108288	149.50621	-1.0490099	200000	7.450581e-09	45.70427	-0.01644935	-8.531557	0.009148733	0.0	3533.850916147232
