Epoch	AverageEpRet	StdEpRet	MaxEpRet	MinEpRet	EpLen	AverageVVals	StdVVals	MaxVVals	MinVVals	TotalEnvInteracts	LossPi	LossV	DeltaLossPi	DeltaLossV	KL	BacktrackIters	Time
0	-971.8841	36.925163	-928.4692	-1012.2079	1000.0	-0.013613209	0.5030623	1.8089113	-1.7785408	4000	2.6226044e-09	8596.517	-1.9073485e-09	-1066.0146	58227.344	9.0	4.90596866607666
1	-975.15607	107.08344	-840.6834	-1137.6515	1000.0	-4.556934	6.739018	12.798368	-14.989521	8000	-1.1444092e-08	7690.0576	-2.8610225e-09	-2660.7114	58227.344	9.0	9.310195922851562
2	-920.1245	97.78388	-772.20496	-1032.2213	1000.0	-22.202765	3.0126915	14.804973	-24.00342	12000	-1.4662743e-08	4478.2915	-1.4305117e-09	-954.5425	58227.344	9.0	13.405681848526001
3	-774.54333	128.13365	-623.8607	-905.56415	1000.0	-30.368303	1.2010388	-8.115988	-30.971542	16000	-4.655123e-08	2376.338	0.0	-361.00464	58227.344	9.0	17.20997977256775
4	-885.18475	65.4004	-789.3379	-950.2918	1000.0	-35.49465	0.28664944	-30.785337	-35.610607	20000	7.1525574e-10	2678.3616	-1.9073485e-09	-454.78857	58227.344	9.0	21.21486520767212
5	-1048.9153	112.08585	-967.94574	-1242.2548	1000.0	-40.733494	0.18491748	-38.07793	-40.81882	24000	5.733967e-08	4775.282	-2.384187e-09	-675.1494	58227.344	9.0	25.078681707382202
6	-930.4629	48.505196	-861.5021	-994.0712	1000.0	-46.92778	0.35420948	-38.163006	-47.036606	28000	-4.887581e-09	2134.148	-2.3841862e-10	-308.54968	58227.344	9.0	28.86036443710327
7	-872.5802	117.79903	-720.76843	-1007.13416	1000.0	-51.292873	0.16304202	-49.081093	-51.387596	32000	-3.8146974e-09	1904.2196	0.0	-179.34631	58227.344	9.0	32.75844478607178
8	-959.7534	50.89224	-878.01855	-1016.7274	1000.0	-54.72783	0.060352366	-53.64499	-54.750454	36000	2.6106834e-08	1484.7345	-9.536745e-10	-225.73328	58227.344	9.0	36.60248589515686
9	-864.7796	147.21634	-627.9158	-1013.27057	1000.0	-58.48558	0.2016047	-52.290474	-58.538292	40000	-2.1457673e-08	1444.5802	9.536745e-10	-129.35547	58227.344	9.0	40.53154444694519
10	-943.08167	92.190765	-841.69965	-1093.0084	1000.0	-61.290016	0.9331231	-33.284286	-61.447742	44000	2.3841858e-08	1174.1447	4.7683635e-10	-146.71375	58227.344	9.0	45.021610498428345
11	-919.37366	112.1024	-760.9056	-1070.2948	1000.0	-64.50061	0.31616917	-53.742393	-64.57496	48000	1.4424324e-08	1280.0496	-9.536745e-10	-97.19934	58227.344	9.0	49.37977051734924
12	-979.1221	31.933039	-930.24194	-1017.84796	1000.0	-67.194725	0.47080916	-52.62719	-67.27745	52000	3.3020974e-08	1184.4736	9.536727e-10	-102.50342	58227.344	9.0	53.53827476501465
13	-899.0145	228.04393	-615.19727	-1135.8046	1000.0	-69.994514	0.3642422	-61.339024	-70.07804	56000	2.324581e-08	1149.5621	-3.814696e-09	-47.471924	58227.344	9.0	57.60674238204956
14	-916.0497	113.36507	-743.69977	-1048.0875	1000.0	-71.314995	3.3215241	14.597197	-71.881485	60000	-2.9087067e-08	1591.006	-3.814696e-09	-75.91321	58227.344	9.0	61.6276478767395
15	-987.9723	29.118027	-965.15515	-1037.826	1000.0	-73.60599	3.356737	21.88469	-74.10749	64000	1.0967255e-08	1081.022	-9.536745e-10	-87.55798	58227.344	9.0	65.58967185020447
16	-930.6634	129.62372	-707.602	-1028.036	1000.0	-76.43172	0.69971573	-52.191406	-76.55827	68000	-7.987023e-09	1860.1312	4.7683724e-10	-71.964966	58227.344	9.0	69.58218884468079
17	-859.3858	116.928444	-682.5599	-1008.4318	1000.0	-77.042816	7.3787584	59.88791	-78.65753	72000	1.3947487e-08	1194.3287	-7.152554e-10	-175.12695	58227.344	9.0	73.58356499671936
18	-886.59076	104.72145	-780.6294	-1060.7014	1000.0	-73.10978	13.395382	47.043106	-79.17347	76000	-4.053116e-09	960.2494	-1.1920926e-09	-151.71503	58227.344	9.0	77.5352075099945
19	-867.0612	36.331997	-830.33594	-912.44855	1000.0	-73.9982	11.400704	28.717253	-79.8348	80000	6.6757204e-09	783.4139	-9.536745e-10	-162.36151	58227.344	9.0	81.42149305343628
20	-933.8922	136.0904	-717.73535	-1090.3873	1000.0	-76.82975	5.5496755	-9.875291	-80.18731	84000	0.0	1141.2965	4.768372e-10	-99.666504	58227.344	9.0	86.45495343208313
21	-918.56635	76.37605	-821.24493	-1033.8694	1000.0	-80.54163	3.1220086	-4.0838327	-81.25235	88000	1.9073486e-08	682.79315	-4.7683635e-10	-23.393372	58227.344	9.0	90.95905876159668
22	-1021.0165	88.06097	-891.6686	-1136.8333	1000.0	-80.14078	7.0741277	69.11186	-81.91406	92000	1.3589859e-08	1170.3817	-1.907349e-09	-102.739746	58227.344	9.0	94.76339268684387
23	-880.3699	51.59461	-827.0445	-948.7284	1000.0	-83.315926	4.022459	14.38184	-84.15018	96000	1.9073487e-09	704.4202	9.536743e-10	-98.22485	58227.344	9.0	98.54601669311523
24	-913.9027	89.12181	-804.73474	-1048.8363	1000.0	-83.02869	3.2569518	-19.662083	-84.08392	100000	-1.7285346e-08	685.7464	-9.536745e-10	-41.028015	58227.344	9.0	102.42388844490051
25	-883.96344	89.61199	-730.56476	-956.25256	1000.0	-82.29349	6.278533	37.75674	-84.45451	104000	-5.4836273e-09	804.3471	1.4305113e-09	-53.60797	58227.344	9.0	106.23771810531616
26	-1018.20416	39.42019	-964.68695	-1073.8679	1000.0	-81.51736	5.098762	-20.623081	-84.17688	108000	-1.4066696e-08	1104.3175	-9.536745e-10	-91.664856	58227.344	9.0	110.04588031768799
27	-917.4933	35.008327	-861.8485	-956.3653	1000.0	-84.445915	7.3533907	36.030796	-86.01864	112000	-7.390976e-09	909.1297	-2.1457671e-09	-87.18097	58227.344	9.0	113.99591755867004
28	-929.42224	37.55346	-864.5093	-954.10785	1000.0	-80.59487	11.982564	59.67774	-86.02997	116000	1.8835069e-08	731.197	-1.4305126e-09	-136.64404	58227.344	9.0	118.08168005943298
29	-986.6821	63.40294	-888.1784	-1052.2931	1000.0	-82.45938	5.6915216	-30.436678	-86.665596	120000	-4.1007997e-08	850.21954	-4.2915325e-09	-92.98651	58227.344	9.0	122.50929522514343
30	-900.46985	28.111675	-870.5886	-940.4331	1000.0	-79.69924	8.46768	-8.685902	-88.62607	124000	-5.9604646e-09	594.49713	1.9073485e-09	-100.94656	58227.344	9.0	126.96685838699341
31	-916.1942	26.624622	-873.3718	-942.2303	1000.0	-84.64564	5.455033	-20.79103	-88.53347	128000	-4.5776368e-08	508.91806	0.0	-43.507446	58227.344	9.0	131.10056138038635
32	-949.43896	56.993076	-891.16547	-1028.5073	1000.0	-83.50318	5.249459	-30.278181	-88.11994	132000	-4.172325e-09	830.3069	-1.9073485e-09	-75.05853	58227.344	9.0	134.96168637275696
33	-1016.87415	78.42177	-906.9024	-1100.4691	1000.0	-83.61838	5.076708	-30.116232	-88.7484	136000	2.336502e-08	1166.137	-9.536745e-10	-91.16077	58227.344	9.0	138.60969400405884
34	-883.9702	114.70254	-766.4173	-1047.167	1000.0	-88.86724	4.9784617	-16.758562	-91.34861	140000	1.5377998e-08	778.30725	4.768381e-10	-196.32733	58227.344	9.0	142.28896760940552
35	-886.88574	28.25459	-858.0292	-931.9855	1000.0	-81.77511	11.1332445	55.727737	-90.18782	144000	7.390976e-09	557.1166	-9.53674e-10	-119.59262	58227.344	9.0	145.99712800979614
36	-904.5099	131.9057	-711.7324	-1076.5576	1000.0	-81.165794	5.3017383	-26.961008	-89.78541	148000	-5.1259996e-09	781.4997	3.0994416e-09	-84.14508	58227.344	9.0	149.7466812133789
37	-950.9541	39.573196	-906.7199	-1014.35626	1000.0	-79.99002	6.84419	-20.180716	-90.10662	152000	-1.859665e-08	756.2875	-9.536745e-10	-96.640686	58227.344	9.0	153.59189677238464
38	-975.6349	32.206367	-932.51886	-1017.2946	1000.0	-84.361755	4.287076	-48.187046	-91.32363	156000	7.390976e-09	449.97806	1.907349e-09	-34.486572	58227.344	9.0	157.2767355442047
39	-992.98364	93.767944	-910.3511	-1152.0277	1000.0	-86.18377	4.2154202	-45.166965	-92.44286	160000	-4.839897e-08	694.15314	1.907349e-09	-84.54352	58227.344	9.0	161.38682007789612
40	-901.38135	82.22047	-765.24695	-985.9146	1000.0	-90.976456	6.4310074	-56.19321	-95.21129	164000	3.3378602e-09	878.67596	0.0	-218.15594	58227.344	9.0	165.83924555778503
41	-966.684	148.13219	-733.47046	-1144.0885	1000.0	-79.2722	9.767853	8.377791	-94.130486	168000	9.536743e-09	922.35254	1.907349e-09	-161.79144	58227.344	9.0	170.0767960548401
42	-924.9702	12.12986	-911.73285	-943.9174	1000.0	-83.19245	9.032989	14.036135	-95.15821	172000	-1.4781952e-08	852.1677	0.0	-137.13934	58227.344	9.0	173.93738532066345
43	-962.2242	66.13321	-860.02795	-1040.0319	1000.0	-82.84258	6.9445043	-22.677689	-96.55912	176000	7.152557e-09	512.57367	4.768377e-10	-60.38556	58227.344	9.0	177.74132299423218
44	-803.3984	94.37257	-661.488	-911.5787	1000.0	-89.4627	8.481569	-11.818503	-97.2384	180000	-1.4781952e-08	1451.3945	-9.536745e-10	-469.51147	58227.344	9.0	181.50681138038635
45	-831.4614	87.85396	-711.4042	-954.1282	1000.0	-65.57589	16.046926	18.609434	-95.98069	184000	1.7166137e-08	1053.122	-9.536727e-10	-393.70642	58227.344	9.0	185.39110398292542
46	-927.1222	170.94376	-670.9025	-1152.2611	1000.0	-74.09364	14.710832	49.980453	-96.092384	188000	2.6226044e-09	1118.3962	0.0	-261.40234	58227.344	9.0	189.2033610343933
47	-947.5046	59.975033	-868.3743	-1035.8674	1000.0	-81.54501	9.896133	-10.418187	-97.420456	192000	1.0371208e-08	900.26166	-9.536736e-10	-158.67065	58227.344	9.0	193.1998426914215
48	-872.2462	89.37043	-776.67267	-993.51636	1000.0	-85.71887	9.83789	-17.31422	-99.434494	196000	-9.536744e-10	733.81146	-4.768371e-10	-149.50958	58227.344	9.0	197.0551142692566
49	-1021.0793	58.192013	-953.6628	-1082.815	1000.0	-78.73864	8.138871	40.492542	-97.83736	200000	1.07288365e-08	941.0842	-1.4305117e-09	-221.08282	58227.344	9.0	200.7893991470337
